65.8
51.4
71.2
34.5
58.4
49.5
46.5
53.2
37.2
54.0
44.0
59.0
39.0
75.9
60.5
40.4
53.3
49.7
45.1
37.3
66.5
68.4
44.5
58.0
61.8
43.4
57.5
57.3
47.8
51.2
57.0
61.3
46.3
41.4
54.6
51.2
48.7
52.6
56.0
51.9
42.2
75.5
50.2
71.1
39.4
50.8
49.3
41.9
46.8
41.8
52.5
65.0
43.2
45.0
48.7
63.4
54.6
56.6
29.8
71.3
40.2
59.0
46.2
59.8
47.5
51.9
47.7
55.9
45.8
66.3
57.0
63.9
48.8
55.3
48.0
29.9
54.9
31.7
49.8
32.0
48.5
52.9
40.8
66.2
56.5
53.4
33.0
61.8
47.4
57.0
57.7
36.7
68.4
43.3
44.2
40.2
59.8
61.0
43.1
50.3
54.6
55.1
57.5
39.9
52.5
62.4
58.8
43.1
53.9
42.0
53.6
50.1
63.9
56.0
60.4
46.0
61.0
64.1
61.5
37.0
42.9
49.9
48.9
47.4
70.0
55.5
42.2
41.0
64.4
57.6
63.0
52.5
51.8
48.8
54.4
48.1
62.6
47.2
55.2
54.0
53.0
67.2
64.8
53.6
48.9
66.0
42.1
57.9
47.8
52.6
33.7
69.8
45.3
61.6
58.5
37.0
61.2
62.9
37.2
47.0
56.9
55.1
50.4
49.6
32.5
40.5
43.1
40.3
70.7
48.9
34.2
42.5
41.6
69.4
62.5
54.1
61.5
66.3
43.3
56.9
59.1
64.5
53.0
50.9
52.7
56.9
54.1
51.2
73.5
62.2
50.3
66.3
47.1
42.7
45.7
57.9
46.8
55.0
43.9
37.6
83.7
50.5
37.4
35.7
50.5
38.1
47.5
36.3
53.3
47.2
47.7
39.0
50.0
40.2
63.0
62.0
35.1
29.1
47.8
42.3
48.0
49.8
64.5
58.4
51.6
51.3
42.2
48.4
48.7
40.9
52.6
64.7
53.1
31.8
34.6
67.5
65.9
48.0
56.1
44.0
49.7
58.6
64.3
57.2
61.4
56.3
57.0
52.8
52.5
46.9
41.3
36.0
42.3
47.9
37.8
56.4
53.8
56.2
39.4
51.6
48.6
29.7
46.6
45.7
50.7
55.2
46.7
51.0
55.9
63.9
38.3
62.3
45.6
48.3
40.1
50.9
48.8
59.2
32.5
61.4
51.4
42.5
52.1
52.5
52.4
54.0
44.1
48.7
56.5
63.4
40.6
50.1
40.8
50.4
47.3
64.9
45.1
54.2
38.2
51.7
55.4
44.6
46.5
53.9
31.8
40.9
42.4
56.0
62.2
41.7
63.3
39.6
61.9
72.1
42.6
36.4
49.8
58.9
38.2
49.6
60.4
62.2
42.4
47.7
51.4
56.5
75.9
32.8
55.5
49.1
50.3
50.2
45.2
43.5
56.3
46.3
60.6
54.7
35.9
50.4
72.4
46.8
56.4
46.3
64.8
65.9
40.5
51.1
67.9
40.9
37.6
48.0
30.8
45.5
46.9
29.3
51.6
43.2
60.8
42.8
37.2
53.8
38.0
41.1
29.5
51.7
42.2
60.6
43.7
53.9
43.7
55.4
67.0
55.6
43.8
29.1
35.0
54.7
48.1
38.0
44.5
28.1
55.6
58.9
40.1
44.6
28.2
56.0
62.4
53.2
48.0
57.5
48.8
51.8
52.5
35.4
58.7
55.6
45.2
30.8
41.7
47.5
31.7
46.7
54.8
45.8
60.0
51.2
70.9
53.9
55.5
59.3
45.9
50.8
28.2
44.7
47.7
54.0
51.1
56.7
53.0
63.2
55.6
58.7
40.2
65.3
43.3
66.3
29.6
50.7
23.9
61.2
41.6
58.6
62.6
51.7
36.7
41.4
35.3
38.8
38.8
42.1
34.2
43.9
50.0
36.8
53.8
38.9
40.2
49.3
67.5
52.9
61.1
54.7
49.3
53.1
40.4
49.9
45.9
57.8
41.6
51.1
54.7
53.9
55.2
45.9
73.9
52.0
45.8
72.6
67.9
31.2
34.3
63.1
50.3
56.1
53.5
64.1
58.9
55.0
42.2
42.4
50.5
33.2
34.0
54.7
64.8
51.7
43.9
61.1
57.1
58.5
36.9
61.2
54.9
46.0
34.5
51.3
41.8
33.5
53.5
40.8
44.9
35.8
50.4
51.6
43.4
44.0
52.7
40.9
43.6
37.6
36.8
47.7
44.3
45.1
40.8
46.7
48.0
64.4
39.5
51.2
36.3
36.3
53.6
51.3
58.4
46.6
42.1
45.1
39.7
61.1
47.2
58.3
53.8
49.0
59.4
47.3
54.7
55.7
37.0
67.9
28.0
60.7
39.4
32.9
55.9
42.7
47.9
44.9
41.8
54.3
35.7
37.8
44.5
62.9
53.5
63.7
46.1
41.9
54.5
56.9
57.5
54.2
39.2
68.3
60.7
41.9
32.0
38.9
56.2
53.9
49.2
60.0
58.9
54.4
44.5
54.1
50.1
51.3
35.0
34.2
36.0
58.8
50.9
46.3
52.1
56.9
29.2
63.4
61.4
52.1
48.0
53.3
62.9
26.8
47.7
36.1
60.2
52.8
54.9
40.8
49.8
58.3
38.8
49.8
35.9
39.6
36.2
53.0
58.5
67.5
49.7
41.6
37.7
42.6
59.6
48.1
50.4
60.8
48.1
38.2
56.3
42.7
25.0
56.9
33.8
60.0
38.7
29.9
34.7
48.8
61.7
60.8
47.6
52.7
55.6
34.6
64.0
68.8
50.6
42.3
65.7
61.1
49.1
43.7
43.8
63.9
68.3
62.4
49.1
57.8
50.4
46.1
42.1
61.1
39.0
64.7
59.1
40.2
61.6
30.6
39.6
51.3
54.6
60.5
55.1
53.2
32.4
48.1
44.0
56.0
26.5
59.3
58.7
51.3
52.1
55.0
57.1
46.4
41.4
45.4
48.1
38.9
53.5
53.1
48.9
53.5
39.4
51.5
59.3
34.6
48.4
38.2
43.5
39.6
59.1
40.7
49.5
63.1
53.3
49.7
59.8
43.6
59.0
31.1
47.0
47.7
48.3
51.7
46.5
37.7
41.9
51.2
65.2
44.0
49.9
44.6
47.9
51.5
29.6
51.5
53.8
64.9
55.6
62.3
52.7
56.0
54.3
61.3
65.3
44.9
40.5
50.7
35.5
62.1
58.1
59.7
65.3
41.3
53.4
35.8
55.4
50.4
58.9
56.2
55.4
49.2
46.3
50.9
51.3
59.0
73.4
56.0
55.3
49.5
40.1
45.2
46.3
35.5
53.1
58.6
61.1
49.8
45.7
53.6
38.4
59.0
51.5
59.6
43.3
47.8
49.9
48.3
78.9
58.8
62.9
59.6
59.0
53.5
39.8
64.0
43.8
40.3
38.8
59.2
28.8
36.5
62.9
76.2
61.1
36.7
43.3
37.7
58.1
38.7
35.5
45.7
49.0
52.8
58.9
52.0
47.6
54.2
53.5
43.2
34.8
39.0
46.4
66.0
44.0
60.9
42.8
33.0
58.8
35.4
64.9
56.6
58.9
37.3
44.6
39.6
28.0
39.6
22.7
60.6
60.5
50.9
54.3
37.1
44.1
31.5
49.4
38.8
41.0
42.3
58.5
52.8
36.7
41.6
64.5
62.2
45.5
52.3
50.1
45.2
44.0
42.2
53.2
74.5
65.3
35.4
42.9
38.4
54.1
38.8
42.0
63.3
46.0
46.3
49.8
56.1
71.2
62.8
44.5
56.8
44.5
48.6
51.3
51.8
42.5
47.4
29.2
56.0
35.4
51.4
51.7
53.7
53.9
39.5
41.4
60.3
39.8
37.7
70.6
48.5
48.0
42.0
56.8
58.0
48.8
49.0
46.3
47.8
49.9
57.9
51.7
64.2
61.8
51.6
46.3
62.5
44.3
48.8
37.7
68.7
36.7
60.9
37.4
35.0
52.0
32.2
69.6
52.5
42.8
57.0
59.0
60.1
53.3
45.5
55.7
35.1
34.5
60.8
39.2
42.0
37.6
50.8
58.8
58.8
21.7
50.8
45.8
49.3
60.8
43.6
32.9
42.6
55.9
49.9
42.6
68.7
58.1
64.7
48.7
52.8
43.1
40.8
50.4
49.3
59.0
48.4
54.2
51.6
38.8
52.4
52.3
57.8
36.7
64.7
55.3
41.0
42.8
68.1
50.6
33.4
62.1
52.1
57.5
53.7
49.7
40.6
65.1
38.6
50.6
39.7
36.1
53.6
37.4
46.2
55.0
64.8
59.3
53.7
36.7
44.7
57.3
59.9
43.4
60.6
35.6
60.1
65.4
42.4
46.3
43.4
45.1
58.4
52.0
54.9
62.3
52.7
43.3
42.3
50.7
40.9
61.9
56.7
62.8
48.3
48.5
58.0
56.9
67.7
45.9
58.3
56.3
53.8
56.1
53.8
41.7
58.1
35.5
47.3
41.1
58.2
32.8
61.3
54.6
47.4
49.6
51.4
64.8
34.6
57.5
55.5
38.9
54.6
62.3
44.9
47.3
45.2
44.6
52.7
52.5
40.9
58.3
27.7
68.6
57.1
45.5
62.8
48.6
58.5
35.1
55.0
41.3
51.3
61.5
47.6
18.6
55.7
53.2
54.6
45.3
55.0
39.5
34.6
33.3
55.9
63.3
49.2
43.6
59.3
45.3
49.1
46.9
47.1
46.8
49.2
45.9
48.3
45.0
50.6
50.5
48.1
50.3
40.9
58.6
50.0
50.4
49.9
61.0
37.0
41.6
44.9
46.2
38.6
47.6
45.2
48.3
46.7
60.5
57.5
51.6
31.2
40.2
56.4
60.9
68.2
49.4
57.2
55.7
46.5
47.3
42.2
53.5
24.5
38.3
48.8
62.3
43.1
69.3
28.6
59.0
46.9
24.2
47.2
44.8
36.6
28.0
45.0
54.3
46.7
53.6
58.4
69.7
42.8
36.2
36.7
36.8
69.8
48.5
39.4
44.5
49.7
29.4
27.2
34.7
33.7
63.4
38.1
34.5
49.2
49.9
36.5
71.7
46.4
61.6
55.9
45.1
52.2
45.6
39.9
40.3
50.2
42.9
66.0
49.0
49.3
48.7
45.7
45.5
36.4
61.9
56.5
47.4
56.6
54.8
45.9
51.6
58.9
70.4
59.0
34.7
25.9
41.1
46.3
60.1
43.4
52.9
39.7
51.2
49.6
66.0
43.4
43.4
46.8
38.7
60.7
46.5
47.9
24.4
39.2
36.8
51.6
39.3
46.6
50.2
50.7
44.8
50.5
43.7
63.6
42.4
53.4
46.5
44.0
31.5
58.0
30.5
54.9
44.3
45.4
44.2
51.7
53.0
46.2
42.0
47.2
55.6
58.7
53.9
56.3
46.1
42.9
61.2
65.2
37.5
64.1
67.1
50.2
47.7
41.8
62.1
40.9
40.9
56.4
51.2
42.1
50.1
53.5
58.9
50.5
35.2
35.4
36.5
58.9
51.0
47.7
65.4
26.6
36.0
60.1
46.3
54.7
47.5
35.4
53.0
39.3
57.4
67.2
71.6
56.2
42.6
45.5
71.1
48.0
43.0
51.9
42.4
46.0
50.4
46.8
47.1
60.2
77.1
60.9
61.1
50.8
69.5
51.0
56.7
65.1
52.0
38.6
49.0
57.5
57.5
49.6
56.5
56.0
35.5
53.4
52.0
56.2
48.3
57.6
31.7
49.9
50.2
43.2
50.5
55.5
46.9
49.0
24.1
51.0
57.1
56.6
42.0
70.5
39.0
48.7
55.2
67.9
39.4
46.4
46.1
49.0
35.0
54.2
28.6
30.6
50.9
45.4
42.2
47.0
60.2
54.5
51.2
31.3
58.9
66.9
44.0
30.2
55.9
39.3
50.9
57.8
58.9
51.7
51.5
53.9
68.0
47.9
40.7
40.9
35.3
46.0
52.3
50.2
49.4
57.7
41.6
58.6
52.6
42.4
43.2
54.1
56.8
46.1
55.0
44.8
69.5
53.2
64.1
54.0
32.4
49.8
60.1
48.7
35.6
38.7
74.6
41.0
40.7
38.3
46.1
51.8
39.2
40.8
35.1
47.4
75.2
37.3
48.4
55.9
54.2
58.3
40.0
34.4
61.6
57.1
44.9
46.1
38.9
52.1
28.0
44.0
44.0
42.6
44.3
59.0
49.6
55.0
39.0
52.6
66.2
55.3
55.8
78.5
58.6
46.6
71.9
52.7
65.3
55.4
56.2
53.7
37.6
55.4
42.4
56.6
39.4
36.9
58.3
69.4
34.9
54.1
42.2
52.7
38.2
47.8
61.0
44.2
31.2
45.3
61.8
64.4
58.3
39.6
42.7
42.3
60.0
68.8
54.4
49.7
47.3
48.5
42.3
54.7
53.6
59.0
40.8
55.6
57.4
46.5
50.9
54.5
50.6
45.6
73.8
32.8
42.1
77.3
36.0
43.7
42.3
47.9
54.6
36.7
56.0
61.6
46.2
48.0
57.3
46.5
44.2
52.3
52.4
63.8
58.7
50.8
42.3
61.1
37.9
67.8
44.7
41.7
59.0
53.1
58.0
58.4
37.5
44.6
49.3
50.4
52.7
48.6
51.9
63.8
55.3
55.0
46.1
35.5
47.0
62.6
56.5
52.6
38.5
64.1
40.4
53.7
60.1
51.3
55.9
39.7
58.1
53.3
63.9
44.3
32.4
50.8
38.8
55.9
50.0
48.0
47.7
50.5
52.2
52.1
54.8
41.4
53.0
29.7
58.9
46.5
43.3
38.0
57.2
52.2
45.4
43.4
47.9
53.8
63.8
46.2
42.8
50.7
49.1
66.5
53.8
44.6
51.4
24.6
59.1
31.0
50.7
40.2
49.1
51.4
32.4
51.3
50.2
49.9
66.8
64.3
48.7
31.0
28.0
47.3
54.9
32.5
81.7
71.4
61.8
46.0
32.1
61.8
50.4
43.7
62.6
27.0
44.4
55.1
31.2
45.2
51.8
60.6
52.4
63.2
35.6
53.4
24.5
59.0
31.5
38.5
58.9
54.3
49.2
59.8
54.4
45.3
50.1
55.7
55.3
42.4
39.5
28.6
40.0
50.5
60.1
54.2
20.1
57.8
61.1
52.8
53.3
59.1
26.7
51.2
55.6
37.9
55.8
54.4
46.8
50.6
36.1
58.3
43.6
48.1
60.1
54.6
45.9
65.1
51.1
62.9
52.3
28.2
33.5
39.5
43.6
63.7
60.3
49.1
49.1
51.8
68.4
49.3
48.4
53.6
46.0
55.6
62.0
48.0
43.8
38.3
53.2
47.7
45.4
53.2
55.8
46.8
59.1
54.9
61.6
36.9
38.4
54.5
42.6
43.8
37.1
44.0
43.5
36.7
49.2
45.5
39.6
23.7
41.2
48.9
53.5
40.4
47.9
41.0
54.4
67.1
64.5
45.7
49.0
11.7
59.3
48.9
58.7
54.0
60.1
40.0
33.1
63.9
48.4
39.3
48.5
46.2
44.2
68.1
33.2
28.8
55.7
52.4
55.1
61.9
55.7
65.0
28.2
72.5
51.1
48.9
36.4
56.7
55.4
51.8
56.5
53.0
43.7
56.5
44.3
36.4
56.7
54.2
59.4
57.5
58.3
29.7
53.8
49.2
34.5
46.7
56.0
72.5
51.6
49.3
37.7
52.5
60.7
52.9
68.1
51.2
63.1
39.5
53.7
54.3
39.7
31.4
50.8
42.8
52.1
62.7
65.4
44.1
46.8
57.3
62.5
47.9
46.1
47.9
26.6
48.8
58.9
64.5
50.9
35.0
59.7
40.2
48.4
55.4
62.0
55.4
46.4
39.5
57.7
54.5
39.8
55.2
41.6
53.7
51.2
59.5
50.7
60.3
45.1
52.1
41.0
64.3
30.9
54.8
50.5
55.1
41.7
56.2
67.0
37.4
55.2
45.4
56.9
54.0
66.1
72.1
58.7
55.7
28.9
64.8
62.4
40.9
41.7
51.2
33.9
53.7
38.2
48.8
39.3
46.6
59.6
45.4
29.3
50.1
38.4
52.8
70.6
48.2
69.2
42.1
55.3
59.3
50.7
53.0
35.7
49.8
51.1
39.0
47.8
53.1
58.4
54.1
41.6
43.4
59.2
59.2
52.5
53.6
62.2
67.5
45.9
47.2
48.8
49.6
50.1
27.9
35.6
47.7
51.3
41.9
46.8
58.1
43.4
57.7
45.8
57.9
60.6
61.8
46.6
54.2
56.0
37.0
34.6
49.9
47.8
60.1
55.6
43.4
31.2
60.4
43.2
38.1
39.5
42.0
51.5
55.6
45.9
53.0
53.3
50.6
47.1
50.7
52.2
52.1
51.1
41.0
39.2
46.2
52.8
59.5
59.6
37.9
39.1
49.5
46.7
55.4
37.9
58.5
45.2
49.9
49.1
35.9
42.8
51.5
39.1
56.9
36.9
54.8
58.0
46.0
51.3
48.8
26.8
43.3
51.9
43.8
44.2
43.4
44.1
37.5
51.3
52.1
53.6
38.1
37.8
35.5
61.2
49.7
62.5
36.1
45.3
24.8
46.3
59.0
46.6
56.2
58.3
42.3
58.8
45.7
56.2
73.8
60.1
45.9
55.3
49.4
35.0
57.7
59.1
59.0
65.3
63.0
44.3
57.8
43.6
69.4
51.2
61.7
56.1
51.6
35.0
47.5
49.5
41.1
43.4
34.2
39.8
61.5
50.7
52.2
65.0
38.4
58.6
44.9
68.7
36.9
34.9
47.4
43.1
60.3
58.9
38.9
52.1
57.7
61.1
58.1
41.3
67.1
36.2
43.4
52.4
43.4
49.1
44.0
61.9
31.7
47.0
52.7
52.0
43.8
48.7
38.8
59.9
53.5
52.6
48.8
44.3
32.9
46.4
51.8
42.3
59.2
50.2
30.6
40.5
62.5
45.9
28.6
45.6
52.1
43.9
48.5
46.4
25.0
65.9
45.8
66.0
45.4
64.8
44.8
63.9
45.0
45.3
38.1
59.0
51.2
60.6
47.7
73.1
66.3
71.9
63.8
41.2
52.7
44.8
54.5
52.3
56.1
57.8
59.1
29.8
40.8
38.3
50.7
66.2
59.1
59.8
40.9
47.1
46.9
44.0
48.8
54.6
54.6
64.2
49.5
54.2
50.3
41.1
73.3
54.0
44.3
60.6
59.4
56.5
44.8
47.3
54.1
37.9
58.6
32.9
57.3
41.8
37.0
60.9
48.9
40.5
37.8
38.9
79.4
46.4
47.0
63.4
46.0
57.3
58.0
65.0
58.7
53.5
68.8
44.6
38.7
52.7
47.1
37.8
50.6
48.0
42.6
64.2
50.0
35.2
49.0
46.5
51.7
60.1
63.0
48.3
42.1
67.8
48.1
52.3
31.9
42.3
60.8
55.2
51.0
33.8
43.5
59.9
41.0
60.4
48.9
44.5
35.4
57.2
45.1
40.5
45.5
60.4
35.7
52.0
48.2
52.0
46.2
51.2
26.9
49.2
50.1
51.2
37.8
42.6
35.0
50.4
65.5
41.1
55.5
55.0
52.2
57.1
56.0
41.6
55.3
33.2
49.5
45.8
25.1
56.4
45.6
61.3
32.7
61.6
32.1
38.5
45.3
52.9
48.0
54.8
46.3
56.8
51.1
51.9
68.8
46.7
54.0
55.5
51.2
59.4
55.0
66.2
44.1
47.3
49.8
50.5
44.9
45.9
29.2
45.0
49.8
55.2
48.7
51.8
63.7
56.6
37.6
50.0
58.5
50.3
49.6
39.1
39.0
64.8
39.6
47.8
46.5
59.7
64.1
51.5
59.2
65.4
49.6
56.3
49.4
57.9
52.8
70.4
46.6
47.1
41.2
36.2
54.7
33.9
33.6
54.8
58.4
57.5
53.1
57.1
41.7
57.2
55.4
39.7
59.9
41.7
61.3
45.8
57.5
49.3
43.8
51.8
53.9
72.4
51.1
36.5
54.1
43.9
36.6
57.5
40.6
38.8
51.6
53.8
56.8
41.7
55.4
34.5
69.8
51.1
37.9
52.4
45.0
35.2
52.9
48.3
41.7
57.0
60.2
67.0
45.1
59.0
80.5
39.4
58.0
46.2
38.0
40.9
36.1
62.6
42.2
55.2
56.3
45.5
33.9
51.8
59.3
46.4
54.8
59.7
52.1
54.0
32.1
44.9
47.8
50.2
62.7
45.5
60.4
43.9
38.9
38.5
52.0
48.7
54.4
67.3
64.4
44.4
45.8
48.6
64.4
41.5
58.5
52.8
51.8
52.5
54.5
39.1
53.4
45.1
59.7
59.3
62.1
36.6
51.4
46.6
52.5
43.2
55.7
65.7
48.1
42.0
51.9
55.8
45.0
47.4
38.5
66.5
54.2
43.9
52.7
60.8
24.5
48.2
44.5
38.9
34.6
64.1
57.9
40.5
45.5
56.9
34.4
55.9
51.7
46.8
54.1
24.4
56.3
60.9
51.5
54.1
49.7
57.5
53.2
47.2
46.3
36.9
52.8
71.3
54.5
37.4
54.8
54.9
53.1
63.7
63.9
43.2
60.2
56.9
38.4
35.1
54.0
52.0
36.7
56.0
66.3
35.9
32.5
44.1
54.4
52.7
38.6
52.5
49.9
46.3
56.2
47.4
70.0
30.8
51.0
52.3
59.2
45.5
73.2
64.0
47.6
54.5
64.3
62.5
56.5
44.1
46.9
50.4
55.4
50.6
50.6
53.1
55.6
56.7
56.2
49.4
37.8
71.3
49.5
40.8
43.1
50.0
44.5
53.4
51.4
47.5
46.4
40.4
48.0
37.2
32.7
59.6
59.4
47.5
34.4
60.8
51.3
61.5
35.3
40.3
57.6
54.1
47.6
59.6
53.8
55.7
55.4
68.9
43.5
59.4
65.3
62.8
33.9
52.2
61.4
64.4
37.8
66.4
43.7
32.7
42.6
39.4
41.9
49.7
60.4
38.7
43.5
42.7
60.9
66.2
53.5
45.9
26.8
42.8
57.3
24.5
56.1
70.7
37.3
44.6
54.4
49.9
47.6
45.8
53.3
51.2
71.4
55.1
51.0
42.4
27.6
53.9
48.9
36.2
54.2
47.0
62.1
57.0
44.1
61.6
49.0
50.8
37.6
25.3
42.3
54.6
50.5
54.8
43.4
62.5
47.9
56.0
58.8
45.3
70.5
41.9
34.0
58.1
54.0
40.6
75.7
50.1
47.7
44.6
59.0
63.8
46.2
42.5
52.1
47.7
41.5
57.0
44.5
68.9
39.4
42.3
52.9
63.9
58.4
50.0
54.8
58.7
40.0
44.3
46.9
49.7
49.3
35.6
50.5
76.5
55.1
63.5
59.0
47.3
60.2
43.5
53.2
55.7
49.0
76.0
51.8
49.7
57.4
48.5
30.0
38.3
62.6
61.1
58.5
52.3
52.7
65.3
64.5
46.5
49.8
56.6
53.3
40.0
60.8
43.7
40.6
47.7
57.1
50.3
63.1
46.2
32.0
47.7
24.7
59.8
59.1
55.6
58.6
50.1
41.3
39.3
51.3
51.4
41.4
53.4
59.0
62.4
39.6
49.6
63.1
64.1
40.4
49.8
55.8
36.2
48.6
52.0
47.9
45.5
53.2
42.1
53.9
56.7
49.5
58.1
49.9
43.3
65.1
53.8
51.3
56.4
41.2
55.3
59.2
53.0
38.4
47.5
53.5
69.9
45.1
52.1
67.1
42.4
58.7
62.0
36.3
39.5
42.0
49.1
29.5
51.8
48.2
31.7
34.4
53.1
58.3
51.8
63.5
35.2
51.1
45.7
49.1
59.8
50.8
50.2
30.0
50.7
50.2
63.3
67.2
29.1
49.2
61.8
57.8
53.8
57.4
34.1
23.0
49.1
36.4
31.5
67.3
50.7
50.9
54.0
60.4
64.8
37.9
44.1
57.4
52.8
60.9
51.5
47.0
56.3
44.5
57.2
59.3
45.0
43.5
41.9
50.5
59.1
46.6
58.2
35.4
23.9
50.7
56.7
54.5
32.0
55.7
47.6
64.8
63.6
27.2
41.8
76.6
57.1
49.7
58.0
59.2
45.3
56.6
76.1
46.9
57.5
48.4
54.5
39.3
62.6
47.6
46.3
60.8
63.3
57.3
52.2
45.9
68.1
52.2
61.8
54.3
55.4
40.7
58.9
36.9
46.0
42.2
39.1
33.5
66.2
57.3
48.6
47.5
47.0
44.9
51.9
47.4
49.5
58.0
56.2
34.8
33.5
44.4
56.9
64.5
60.7
49.0
61.3
54.7
44.2
33.0
25.8
50.2
73.3
46.1
46.0
41.3
45.3
57.9
29.2
70.0
45.9
49.7
49.5
52.4
63.2
53.4
37.5
54.1
59.6
57.9
90.5
31.3
35.5
59.8
41.4
48.7
39.7
72.7
44.6
56.2
38.8
38.6
48.3
49.8
40.4
53.6
44.7
68.0
46.5
57.5
57.9
40.0
72.7
41.7
52.3
49.1
63.6
40.5
43.3
61.0
54.1
46.2
51.9
47.4
44.4
27.5
48.0
51.1
65.6
55.1
52.1
39.7
55.0
48.8
55.1
58.0
55.0
59.7
61.3
46.6
41.6
57.5
32.0
50.4
54.3
47.4
61.2
59.2
38.2
52.3
50.1
41.7
62.3
40.0
44.6
42.0
48.5
58.5
48.8
37.1
59.3
59.6
53.1
44.0
37.1
48.6
60.1
49.9
42.0
59.9
51.7
57.1
51.9
53.8
23.1
61.9
32.1
62.1
52.7
39.3
42.4
57.7
56.7
36.0
53.4
69.6
51.1
54.5
45.3
50.0
54.7
49.0
34.9
42.4
45.5
56.7
40.2
56.3
50.9
47.5
54.5
56.3
43.6
48.8
35.8
39.8
56.4
47.1
64.9
53.2
49.0
52.4
43.1
44.8
42.0
49.2
46.1
41.5
50.5
56.9
71.2
64.0
65.7
61.7
55.7
47.0
56.9
43.9
40.4
46.1
60.4
60.0
45.1
54.5
35.6
49.1
42.5
52.1
42.3
70.7
44.1
42.8
51.1
42.2
45.7
56.9
44.4
63.5
58.1
50.2
41.6
51.1
43.4
68.2
43.7
47.7
67.1
52.5
48.4
65.3
58.0
48.2
44.4
50.5
65.5
40.4
55.6
57.7
44.6
60.4
58.9
39.0
53.7
41.4
47.4
37.4
55.8
54.6
51.8
51.1
64.4
41.8
54.4
45.7
50.0
45.4
39.8
27.4
61.4
49.2
45.5
44.1
52.1
51.9
46.9
56.1
48.4
36.8
59.9
32.8
34.5
47.3
60.8
49.8
59.6
50.0
67.6
43.9
74.5
43.6
45.3
52.5
60.3
49.5
54.8
49.6
46.0
42.6
47.5
37.2
41.3
36.6
52.1
43.2
57.3
43.0
52.5
58.2
54.0
65.3
49.3
33.4
53.6
46.5
56.6
33.7
55.1
61.9
65.4
56.1
41.1
49.5
74.6
58.1
49.1
65.5
48.8
37.0
31.9
42.1
41.0
60.6
49.9
51.0
47.8
47.6
54.7
61.7
39.6
52.0
64.3
68.3
38.8
48.4
41.5
47.3
50.0
46.6
56.6
63.4
29.8
45.4
40.1
61.3
64.0
55.1
47.9
57.0
53.5
57.0
52.4
56.6
57.3
66.2
48.7
52.4
44.4
43.1
47.3
72.8
36.1
53.7
62.4
49.4
37.4
50.7
45.7
43.8
46.5
38.7
61.5
44.3
33.8
47.2
63.3
47.3
35.6
33.1
44.8
54.0
43.7
51.5
46.8
59.8
54.5
82.7
53.2
47.0
65.9
50.9
52.6
55.6
39.4
48.5
46.3
49.7
28.0
48.8
61.4
54.9
67.9
37.8
56.2
52.9
67.2
57.8
41.3
48.1
55.1
56.9
47.5
42.8
51.6
38.9
50.5
50.4
41.0
37.1
65.0
45.0
48.0
75.8
45.6
51.5
53.4
57.6
40.6
63.8
45.9
33.4
45.6
55.8
56.5
48.1
47.7
45.1
45.7
51.2
29.9
53.2
63.4
66.7
64.4
31.9
43.2
39.3
56.5
53.7
41.0
60.9
57.7
46.4
41.9
42.8
36.3
47.7
51.1
56.8
44.0
56.2
39.5
54.5
65.3
53.8
59.1
53.4
64.5
52.3
44.8
41.6
52.2
41.0
55.3
40.0
35.4
45.6
51.7
47.7
60.6
53.6
28.1
43.2
20.2
53.1
33.0
55.0
61.7
40.9
73.7
25.5
48.9
65.2
45.0
58.8
64.1
51.7
50.6
44.7
57.0
63.2
36.4
42.0
62.4
66.2
57.0
40.5
49.8
43.8
35.3
37.2
47.8
48.7
42.5
42.3
38.3
41.0
64.2
48.0
46.4
49.9
44.0
35.4
47.2
68.8
44.8
63.3
36.5
35.3
56.8
55.4
39.8
17.1
46.8
18.5
50.0
47.9
64.5
47.8
38.7
33.2
53.6
55.4
38.6
53.4
66.1
54.4
52.4
30.7
48.9
50.8
46.6
41.0
47.0
36.3
53.1
41.4
41.0
57.7
32.9
48.7
57.6
53.1
50.3
31.1
52.7
56.0
51.7
46.3
52.9
41.2
52.4
41.9
66.7
61.3
34.2
42.6
53.0
35.4
45.0
59.5
36.7
50.8
46.4
37.7
62.6
53.4
36.5
59.6
52.3
49.5
40.3
61.0
62.7
38.7
40.8
75.0
58.7
51.1
53.0
43.5
46.4
41.1
51.9
42.7
33.5
40.0
58.1
74.0
47.2
62.1
66.3
62.8
65.5
36.5
38.8
55.1
52.7
55.5
42.4
42.3
33.7
52.9
48.2
50.4
30.2
36.0
69.6
67.7
42.9
60.6
51.7
42.6
38.7
68.8
61.3
72.9
52.0
48.2
65.0
65.6
31.7
48.7
52.2
37.9
61.9
37.7
40.3
54.7
32.4
68.2
42.3
66.5
61.8
63.8
31.6
39.5
61.9
42.1
48.5
42.5
88.5
47.4
47.5
46.3
51.8
54.2
61.9
49.1
45.8
44.6
37.6
53.4
45.8
47.2
71.4
55.4
58.5
58.0
57.7
47.8
26.3
48.7
53.5
45.3
53.2
70.6
25.4
43.4
43.4
48.9
55.4
49.3
44.7
46.6
36.9
54.5
52.8
49.4
44.0
71.3
48.5
61.9
37.0
45.5
28.6
41.7
57.5
46.1
62.4
71.2
49.6
53.1
56.2
57.0
45.8
49.8
60.2
40.9
40.9
41.5
56.6
47.7
54.2
68.4
60.1
71.3
51.2
53.4
44.3
55.3
41.6
47.5
52.2
50.7
51.7
53.6
52.7
37.3
38.2
52.1
49.0
44.6
46.2
68.1
53.9
45.6
50.3
50.5
68.8
43.8
41.5
42.2
54.1
52.4
58.7
60.6
46.7
60.1
51.9
38.2
32.4
52.4
44.3
51.0
49.6
36.7
42.0
77.5
40.4
44.6
51.0
36.9
65.7
67.9
33.7
50.4
52.9
36.8
54.2
60.4
53.6
53.9
34.2
61.2
44.4
49.4
36.2
55.4
51.1
45.4
51.7
33.1
45.2
59.8
49.3
44.5
43.4
42.2
47.1
55.3
39.9
54.0
51.9
44.7
47.0
50.9
64.8
44.2
42.0
57.3
54.3
56.1
47.9
71.1
44.7
45.9
43.2
60.7
57.8
54.7
45.5
48.5
62.8
45.3
45.4
48.3
51.6
52.1
56.5
55.2
50.2
49.4
41.6
56.9
50.5
37.9
38.0
60.0
58.3
44.3
46.5
43.9
71.8
58.4
48.1
49.0
26.9
42.2
55.7
55.6
34.2
48.2
41.1
49.7
57.4
41.8
46.6
48.0
59.1
44.5
39.1
62.1
58.5
43.5
53.0
63.0
72.2
50.2
55.7
46.6
36.5
46.4
37.4
63.4
44.6
52.1
49.8
58.2
55.6
44.4
40.0
54.3
43.7
45.6
57.8
54.7
60.0
55.1
52.5
33.5
74.4
44.7
58.6
48.7
34.2
54.5
34.3
52.3
37.2
33.7
58.5
52.8
55.7
44.5
57.3
36.3
49.6
40.7
31.4
48.7
38.4
45.6
57.9
63.0
39.4
48.7
55.3
62.7
38.8
34.4
50.1
50.4
50.0
44.2
39.1
48.8
39.6
33.7
51.1
64.7
58.7
46.0
35.7
58.4
55.8
58.8
54.2
37.1
32.8
46.5
54.6
37.0
58.9
37.7
46.7
55.5
48.7
64.6
43.2
46.8
52.6
53.4
51.5
51.0
58.7
66.0
43.1
38.9
50.3
62.5
45.9
57.1
49.1
51.5
46.1
37.3
55.4
53.6
42.8
47.3
36.7
39.1
43.2
64.8
48.2
79.0
53.5
59.7
43.8
44.3
46.1
39.1
38.0
63.6
62.2
38.3
55.9
29.8
38.7
57.0
48.2
64.7
52.8
55.0
61.1
48.3
33.0
63.5
68.2
34.1
45.9
45.7
52.7
63.2
66.8
44.1
40.8
64.0
42.6
56.2
51.1
45.7
60.6
44.9
40.7
46.3
61.2
50.6
48.6
32.5
45.0
45.7
53.4
53.2
57.0
62.8
52.9
62.4
56.3
41.0
38.5
49.6
61.7
50.4
37.0
48.7
53.6
37.4
33.4
49.7
31.3
60.8
43.4
45.9
57.2
50.6
56.9
50.8
56.5
55.5
42.7
59.7
41.7
59.2
66.6
46.7
31.6
51.4
48.6
49.7
62.9
57.7
54.2
70.2
37.6
49.7
54.9
44.4
64.7
55.2
54.7
42.7
43.1
58.9
51.2
36.2
43.9
37.8
51.5
61.6
59.3
56.5
51.2
49.8
49.5
54.6
44.8
74.3
45.4
47.6
34.2
71.9
52.6
37.8
47.9
51.8
69.1
53.6
54.4
48.7
69.2
53.8
51.6
51.6
59.9
38.6
38.6
68.3
40.2
44.9
26.4
29.7
56.7
58.4
83.8
47.4
43.7
48.3
49.8
39.0
48.8
52.0
46.8
58.0
46.3
41.2
60.9
39.7
44.9
49.4
50.1
46.3
29.7
75.0
58.5
61.0
35.9
57.2
41.4
83.2
57.3
68.2
35.4
52.1
55.2
47.2
49.2
57.1
32.4
52.6
50.5
26.9
62.7
54.6
64.4
48.6
61.0
42.6
35.8
48.4
80.7
52.9
45.1
57.8
56.5
48.4
54.6
51.9
51.9
75.0
58.2
65.2
51.0
46.3
49.3
39.0
48.4
49.3
51.5
55.3
61.1
34.4
49.2
47.8
65.9
52.9
60.7
49.3
68.0
52.8
69.5
66.9
59.9
56.7
48.8
36.7
53.1
37.5
36.4
55.5
70.0
57.6
53.9
58.9
61.6
55.4
56.8
42.9
64.4
63.4
57.6
48.9
34.5
36.5
61.6
62.9
53.9
52.8
39.9
60.4
71.7
54.9
45.4
41.7
56.6
61.5
57.4
51.3
57.2
56.5
61.8
69.5
48.4
65.7
58.1
31.9
47.5
52.7
64.0
44.7
50.9
55.3
57.9
55.4
58.9
54.4
65.0
42.5
45.4
30.3
36.6
55.0
59.3
54.6
58.5
67.3
41.0
58.5
55.9
60.9
34.9
37.8
58.7
52.0
62.6
48.1
42.6
49.0
35.5
45.7
47.2
54.2
47.7
47.6
39.2
36.6
38.2
60.6
42.7
56.7
71.6
36.6
60.6
29.2
46.0
46.9
70.1
46.8
58.7
27.9
60.6
41.5
47.9
49.1
38.2
56.9
51.3
64.1
47.8
38.6
41.3
45.0
46.3
57.1
52.3
57.2
46.2
49.9
45.8
47.1
44.3
51.5
42.8
41.3
41.1
55.7
69.0
49.6
61.8
42.4
42.1
50.4
55.8
65.9
45.8
44.2
53.8
50.0
46.7
46.1
42.8
41.7
58.1
41.4
47.4
56.3
42.8
44.5
50.7
46.9
51.4
37.4
73.5
52.7
58.9
60.2
55.1
55.0
43.3
47.9
66.2
33.1
53.6
40.3
56.5
57.7
42.4
55.2
59.1
55.0
38.9
61.0
49.6
59.5
53.3
40.9
55.2
37.1
52.6
25.5
44.5
56.3
52.9
59.7
56.1
62.6
44.9
55.5
45.9
49.4
45.8
50.5
42.1
41.7
43.0
73.4
54.0
25.9
38.2
53.5
55.7
44.8
55.0
48.2
56.6
25.5
60.1
62.0
43.9
71.6
45.9
43.0
42.1
49.1
54.1
46.3
50.5
58.1
40.1
53.0
52.8
60.9
52.7
33.1
25.5
70.8
60.4
45.6
38.4
31.8
60.5
42.7
39.2
53.7
41.6
45.5
54.1
62.4
41.3
57.0
49.5
62.2
51.5
72.3
47.7
39.6
57.2
63.3
49.8
52.2
59.4
57.0
55.9
46.4
47.2
44.4
48.1
60.6
49.4
57.7
40.8
45.6
56.7
48.0
59.4
61.2
52.2
49.3
57.2
54.1
69.3
62.4
29.3
42.1
44.0
40.9
56.3
42.5
55.5
65.1
62.8
41.2
38.3
49.7
42.3
57.5
44.3
73.6
53.7
46.5
55.3
51.4
50.6
53.5
54.8
57.1
54.5
66.2
39.1
54.3
50.3
49.8
54.9
41.7
38.1
33.5
40.2
54.7
51.8
53.3
56.9
42.8
37.7
42.4
37.5
36.8
42.4
58.9
48.0
77.3
64.4
57.0
40.6
70.3
61.9
40.1
53.7
66.4
52.0
41.9
48.4
50.0
42.5
50.9
54.7
54.8
45.8
35.0
49.7
52.2
44.3
55.4
40.5
38.0
60.1
64.2
53.3
39.4
45.4
59.5
38.8
66.1
40.9
41.4
52.9
55.3
22.1
39.2
49.5
46.1
33.7
32.1
35.8
50.9
42.6
57.1
58.7
40.2
61.4
57.4
62.9
43.0
50.0
39.4
56.1
50.5
40.4
34.6
36.5
45.9
41.1
41.3
62.5
50.0
69.3
49.8
46.6
55.1
46.9
43.7
21.6
68.1
56.7
58.8
37.5
66.5
49.5
42.4
42.0
59.0
56.2
45.4
45.5
41.4
36.5
70.6
57.8
61.5
45.2
61.2
44.2
40.6
48.3
45.4
56.8
54.0
55.5
24.9
43.8
55.9
33.3
48.5
50.1
56.0
55.5
44.2
48.0
69.0
61.1
63.7
37.3
61.7
54.9
54.7
47.5
39.0
63.0
48.3
52.5
40.7
61.2
51.1
45.6
44.2
73.6
47.1
49.6
58.6
71.3
41.8
46.8
46.3
50.9
48.2
54.1
32.0
60.0
62.5
46.9
48.0
46.9
45.7
51.1
49.4
47.2
56.8
56.0
62.1
73.1
42.8
63.2
70.5
40.0
59.0
45.8
60.3
56.6
39.9
52.8
46.8
52.5
40.9
56.6
37.6
47.8
39.7
56.1
61.2
48.1
49.1
29.0
49.9
38.9
58.0
36.9
64.7
62.6
33.8
55.9
47.9
64.8
39.7
64.9
56.8
45.0
51.3
61.9
39.8
50.8
49.3
36.6
50.7
54.8
58.3
42.5
52.3
54.2
60.7
44.5
39.4
47.8
36.3
52.0
71.7
52.6
67.6
58.4
70.3
58.1
61.7
48.2
59.2
46.2
49.3
53.1
57.3
60.6
52.1
42.4
64.2
67.4
54.7
48.0
42.0
60.2
43.6
52.6
29.7
61.2
71.8
50.9
51.8
45.0
35.9
45.1
69.1
45.5
65.1
49.1
43.9
47.9
64.5
39.7
37.4
41.4
49.0
62.3
45.7
64.6
53.7
42.6
48.9
50.8
39.8
58.8
25.3
55.0
32.4
45.3
43.0
40.0
60.4
43.0
65.9
56.7
64.1
36.1
41.8
54.6
46.0
56.3
46.1
49.2
39.6
49.1
54.4
41.7
53.8
53.0
47.5
69.3
50.2
49.5
46.6
43.7
43.6
54.2
57.0
50.0
48.6
71.8
43.4
51.9
60.6
47.6
57.3
61.8
30.6
43.6
82.3
53.1
50.8
42.4
55.2
33.6
52.0
37.9
29.7
52.0
35.0
48.9
40.7
56.3
50.4
59.8
58.3
51.4
59.2
49.2
62.0
55.7
41.3
54.4
51.5
58.2
57.7
52.5
59.9
73.5
49.3
52.2
25.0
46.2
47.9
38.0
49.3
52.0
44.7
45.3
48.4
36.7
68.7
57.6
44.3
40.6
54.9
43.0
59.8
45.0
31.2
50.8
41.2
50.1
50.4
60.4
42.3
68.3
68.8
49.6
61.3
58.6
44.8
64.3
57.7
25.5
38.7
57.8
45.5
52.0
53.4
33.3
72.5
47.2
54.9
38.9
70.9
57.1
54.3
27.4
71.9
57.5
40.2
55.6
65.5
39.5
63.0
69.6
62.5
57.7
42.2
56.4
46.1
55.6
42.8
46.4
45.2
33.2
46.3
42.0
39.5
31.6
49.2
43.5
64.6
51.5
51.2
35.0
36.8
43.0
54.9
52.0
39.0
35.2
47.5
57.7
47.9
44.4
35.9
48.3
31.6
54.7
57.7
39.7
40.9
46.2
53.1
42.3
49.2
53.6
57.0
45.2
46.9
52.5
59.9
37.8
44.1
62.9
38.1
46.1
40.4
33.2
64.6
63.3
35.9
39.9
40.5
64.6
61.1
47.7
44.0
36.3
37.6
70.7
34.5
45.7
57.7
54.8
61.9
41.7
72.1
68.2
49.5
17.4
48.0
64.0
51.2
35.5
35.2
63.2
45.3
64.1
43.8
48.9
62.4
61.6
53.1
23.8
49.0
36.8
74.9
42.7
50.9
32.1
61.6
61.3
38.0
45.4
61.2
39.6
39.9
54.4
35.7
38.5
43.7
70.8
42.9
41.5
49.1
47.8
45.4
45.5
42.9
71.0
50.5
56.3
49.5
49.5
41.1
42.8
72.3
72.2
47.1
50.1
61.3
33.8
43.5
45.1
36.3
56.4
57.7
51.8
59.8
33.7
48.0
49.6
48.7
46.9
53.4
63.0
65.4
38.9
50.8
45.8
38.7
51.0
47.7
34.2
53.2
74.5
56.1
48.1
56.0
44.9
47.0
36.5
46.9
26.1
37.4
42.0
49.0
28.8
24.3
74.6
51.1
44.1
49.7
42.1
55.3
49.5
54.3
58.2
31.9
56.7
65.7
41.6
52.4
44.4
17.4
28.6
55.9
54.7
61.2
54.8
57.1
48.4
44.0
45.0
47.3
38.5
56.5
49.3
55.0
56.8
55.9
58.2
41.0
50.2
40.2
64.7
52.0
56.0
58.7
51.3
55.7
52.2
37.0
52.7
57.0
32.2
52.9
38.4
53.0
41.9
59.5
68.1
82.5
38.2
37.7
65.6
42.9
48.8
58.4
47.2
50.7
43.4
46.1
44.9
50.3
47.7
51.0
64.9
68.5
43.8
38.1
59.7
49.9
51.1
32.1
42.8
46.2
40.1
62.5
57.6
50.9
35.8
48.7
55.3
57.0
58.6
34.6
41.7
57.6
51.0
36.9
42.6
54.7
45.7
33.9
49.1
70.9
41.1
59.4
38.3
55.5
45.7
36.2
38.4
45.9
47.5
51.5
44.8
61.9
46.4
42.3
41.4
71.6
35.3
54.7
46.8
54.2
39.9
42.3
46.2
43.4
71.3
45.9
57.6
39.7
60.0
52.7
35.3
39.3
63.8
61.9
43.9
50.9
50.9
60.1
43.2
53.9
42.8
40.4
67.0
59.9
60.7
45.3
43.2
54.1
47.4
43.4
47.7
51.7
50.2
57.1
59.9
38.8
49.5
58.4
51.6
38.7
52.0
55.3
34.9
56.1
62.2
44.4
52.1
55.3
44.4
49.5
39.4
35.9
55.2
68.0
44.1
55.1
45.4
49.2
45.1
57.6
50.8
70.7
43.6
48.2
51.3
39.3
76.5
32.8
37.6
54.9
54.9
58.9
46.3
59.8
46.2
43.6
58.5
40.2
57.3
37.0
60.0
48.3
58.3
66.6
74.6
43.0
46.8
56.7
43.4
34.8
50.1
35.7
43.7
53.9
33.4
58.8
58.9
46.1
67.2
47.3
34.1
43.3
53.2
43.4
40.5
69.6
47.8
37.0
47.9
45.3
61.0
36.2
56.3
26.7
63.3
55.7
58.7
62.3
50.1
52.6
55.9
48.4
40.5
56.1
60.0
69.8
35.2
32.1
61.1
45.4
45.9
58.1
51.7
58.8
55.6
42.8
45.9
31.0
50.2
61.5
33.0
54.8
36.0
58.7
27.7
57.7
44.9
54.2
67.7
50.7
44.1
56.1
43.8
54.4
57.0
36.5
53.4
55.9
26.8
38.3
42.2
33.3
46.9
40.8
27.6
48.9
36.8
52.9
53.7
51.5
59.1
46.6
53.0
56.0
58.0
50.0
52.7
51.7
48.5
32.1
49.1
55.9
56.3
38.6
54.8
44.8
53.7
51.2
56.4
58.0
28.6
64.0
67.5
49.8
41.5
40.0
53.6
54.6
50.3
55.1
42.2
48.3
56.4
47.7
49.6
35.4
53.8
49.4
58.8
52.4
41.1
34.3
54.8
54.2
53.6
49.8
44.7
59.8
46.1
42.4
66.3
69.0
55.0
37.9
52.0
47.3
41.6
62.9
54.0
61.3
46.9
45.2
67.9
44.3
56.0
53.9
63.1
52.9
51.1
62.6
45.5
45.5
51.5
52.2
39.5
59.8
29.3
41.1
42.0
38.8
60.8
49.1
34.5
67.4
50.6
41.6
62.7
48.1
59.9
55.1
54.6
42.3
31.3
45.1
44.3
41.4
45.0
54.8
42.2
52.6
56.5
56.1
53.6
59.1
51.1
35.8
62.9
39.8
60.5
51.2
57.2
41.4
51.4
56.4
45.2
59.0
51.5
52.8
55.8
35.9
61.9
49.0
55.6
34.4
64.3
36.5
58.5
40.3
29.3
48.8
58.0
40.5
49.1
65.0
49.2
40.6
56.7
39.6
41.4
29.5
45.0
59.7
43.8
43.3
70.0
49.0
34.7
37.3
51.6
55.7
39.6
68.8
58.3
55.4
67.2
72.3
62.7
56.7
32.0
46.3
55.1
50.6
46.5
46.1
61.4
48.9
41.3
64.9
48.7
54.3
50.3
56.7
36.9
54.3
33.6
52.9
40.8
54.9
55.6
62.8
44.5
68.7
41.0
64.4
61.2
50.6
23.5
67.4
56.4
43.6
52.4
44.8
46.7
27.2
52.6
64.3
51.4
51.6
59.9
36.6
60.9
35.7
50.6
32.7
68.7
47.1
40.7
44.9
52.1
32.4
55.4
43.2
57.4
31.8
47.5
65.3
49.5
46.5
61.3
42.9
50.9
47.0
34.2
45.8
49.1
38.5
39.7
49.0
59.9
41.0
48.1
51.9
52.4
44.6
31.7
46.9
42.2
35.2
45.2
47.8
44.5
34.9
28.8
54.7
45.3
59.1
54.3
34.0
39.8
45.1
50.2
43.2
39.9
49.9
54.2
56.9
67.2
57.5
74.2
58.6
41.4
54.3
35.6
61.1
72.3
47.1
40.2
32.2
45.9
61.7
40.9
46.5
34.1
57.0
55.0
53.5
46.9
63.4
62.3
50.7
55.6
39.1
57.3
44.0
40.3
54.1
43.4
43.4
56.1
48.8
59.0
43.9
53.7
37.5
32.4
56.7
60.0
46.2
45.3
52.6
48.3
54.6
47.1
64.7
68.5
58.2
69.7
39.0
57.8
63.3
44.7
55.2
50.8
57.6
50.4
54.8
45.1
42.4
42.0
43.3
49.1
43.2
53.9
40.7
57.7
29.1
60.9
47.2
30.9
69.8
48.6
49.9
47.4
60.6
54.9
63.4
46.4
50.5
57.6
54.4
46.8
53.0
44.1
49.9
58.9
35.0
57.7
68.8
60.9
54.9
38.7
46.5
49.9
59.8
36.9
59.3
44.9
40.3
43.4
54.2
34.5
65.1
57.3
47.0
63.0
35.9
50.2
58.8
58.4
46.8
48.9
48.7
46.1
60.1
35.6
61.6
51.4
33.8
36.4
49.2
40.1
47.6
59.4
49.8
51.0
65.6
54.1
66.2
53.7
50.5
53.2
51.1
43.0
36.9
64.8
29.6
45.6
53.3
55.2
64.8
60.3
65.3
33.1
46.9
50.4
47.1
60.1
53.4
63.7
58.0
49.0
65.1
52.8
56.2
36.2
32.4
46.8
55.6
63.7
61.3
58.3
61.0
45.4
54.6
47.9
52.6
38.5
46.9
17.8
37.4
32.1
46.5
58.9
58.2
56.8
56.6
47.9
60.7
52.1
46.8
53.7
44.1
54.2
47.8
52.9
56.6
49.8
60.2
44.5
45.2
50.7
60.4
60.1
50.1
69.2
58.9
35.7
48.7
37.1
64.2
45.8
55.2
40.2
64.2
50.3
30.9
58.5
58.3
55.0
43.2
34.4
57.4
76.9
57.2
44.8
32.9
42.3
52.2
47.0
41.0
49.4
60.9
51.9
65.3
63.9
40.4
49.6
57.0
49.1
63.0
65.6
51.1
45.2
48.9
65.5
53.8
68.8
49.6
42.7
59.7
56.1
56.9
54.3
45.9
53.6
50.1
39.4
64.8
64.5
59.3
35.3
35.1
46.0
51.2
53.9
51.4
61.1
48.5
54.9
52.5
39.4
55.6
21.1
46.2
61.2
38.6
42.6
42.2
55.2
40.9
57.3
60.5
28.8
32.6
45.1
45.5
50.2
52.2
52.8
59.4
65.5
66.0
23.5
54.4
51.0
48.9
55.9
45.4
32.6
59.3
44.5
42.8
49.8
68.2
37.3
51.4
42.4
54.4
55.2
39.8
58.3
54.5
39.4
54.0
55.6
27.5
49.6
43.5
52.9
33.5
62.1
52.7
49.5
61.1
56.0
37.5
51.6
51.0
58.0
42.6
47.1
52.3
57.9
44.9
36.8
43.1
50.2
45.4
68.7
52.1
45.7
56.3
27.4
51.5
54.7
46.5
35.0
43.8
47.8
73.4
51.2
45.9
76.3
45.4
54.7
63.5
50.9
38.0
38.6
57.2
53.4
45.7
46.0
43.4
56.4
57.8
48.9
45.7
75.3
57.2
48.8
46.9
54.7
59.5
58.4
63.6
48.4
36.4
61.0
29.4
44.4
52.6
44.8
49.2
47.9
55.8
51.5
56.8
45.1
52.4
42.1
55.5
40.2
36.5
25.1
37.1
51.8
48.7
52.1
42.6
42.2
40.1
56.8
38.8
50.0
45.6
39.3
49.4
51.6
42.1
23.2
48.5
49.0
58.4
70.0
40.6
48.1
39.1
47.9
53.8
28.8
46.3
39.2
34.1
56.8
73.3
40.3
37.6
41.2
47.0
53.5
63.4
46.8
49.7
44.1
43.5
42.1
39.7
62.6
60.8
51.9
40.8
49.0
47.1
38.1
60.3
45.3
70.0
40.3
41.1
51.2
50.3
48.2
52.9
44.3
45.7
47.9
41.6
58.1
50.6
58.7
51.5
49.4
54.4
46.5
54.9
46.0
36.7
34.6
56.8
46.2
69.3
56.7
50.1
53.8
48.7
43.8
44.2
64.0
37.4
54.5
29.9
58.8
62.4
45.6
48.6
38.7
59.9
34.9
55.6
46.9
23.4
52.5
50.0
51.3
47.1
38.5
48.5
40.3
58.6
53.8
59.7
58.1
46.4
56.6
51.0
26.4
39.1
38.6
51.8
61.1
42.0
55.2
39.2
56.9
49.3
63.8
53.9
54.4
44.7
56.9
44.7
49.7
49.0
46.6
63.9
48.4
69.1
32.9
43.6
55.6
37.9
35.3
50.0
50.5
43.1
56.3
62.0
48.0
44.1
56.3
52.5
30.6
62.5
47.6
59.6
59.2
37.2
55.8
53.2
74.6
60.0
46.5
44.1
48.7
59.9
45.9
57.0
35.9
45.5
51.7
54.3
56.4
31.9
56.1
29.9
44.2
46.3
45.0
41.3
60.1
57.7
37.6
61.7
49.7
45.6
63.1
37.8
47.5
61.8
29.9
53.8
49.1
32.1
58.9
20.7
56.0
39.9
40.7
45.5
33.9
54.3
50.3
45.8
52.1
40.5
39.7
45.9
43.6
33.4
47.6
42.4
10.3
44.5
63.0
50.2
51.9
61.1
49.3
28.3
26.5
44.4
42.4
46.7
44.1
50.2
39.8
44.8
49.9
25.6
37.7
36.8
47.4
42.3
54.0
51.8
49.3
56.9
65.1
49.0
68.6
39.1
59.2
34.0
53.4
48.6
51.5
66.1
50.2
36.8
46.1
38.0
77.4
59.8
59.6
44.0
57.6
58.0
41.1
53.3
45.7
47.8
27.7
62.6
51.7
60.4
57.6
55.9
45.9
48.0
28.0
34.0
52.7
52.3
51.4
61.5
58.0
45.4
47.2
47.1
56.5
44.1
66.5
51.7
51.4
60.1
63.2
57.5
49.0
52.2
39.5
47.2
50.7
60.6
48.9
49.3
62.9
46.8
24.1
49.6
39.7
53.6
51.2
52.5
65.8
42.7
53.3
55.5
69.7
45.1
47.1
34.8
34.6
64.4
33.7
52.6
54.0
52.7
56.0
56.3
46.2
55.9
47.4
50.0
50.8
40.3
55.2
66.0
50.2
55.9
62.3
36.7
57.7
68.2
55.0
37.9
41.8
41.9
62.5
61.9
50.6
33.6
50.9
45.4
49.5
36.6
40.6
35.5
53.3
47.4
79.0
37.9
45.4
51.9
46.2
35.1
63.5
53.1
50.6
56.3
44.8
59.1
40.9
43.0
36.3
38.0
29.9
44.6
63.1
62.2
51.8
42.6
31.9
43.3
44.1
38.8
46.6
51.1
52.3
72.1
50.4
60.6
65.8
47.4
49.9
52.6
55.7
54.6
55.6
51.7
48.8
53.6
42.0
54.9
70.1
54.4
40.5
33.3
43.6
54.8
43.4
52.1
44.5
56.0
53.4
47.8
40.6
51.4
33.0
34.5
52.6
47.0
55.0
44.1
27.4
46.8
55.5
61.7
48.4
52.6
51.9
37.1
54.7
53.8
34.3
44.2
66.0
64.5
47.2
68.5
35.0
50.6
41.5
31.2
54.6
72.5
34.3
47.6
67.1
38.8
69.1
39.4
40.9
56.2
31.5
58.8
49.8
40.0
39.4
47.1
53.6
40.1
47.6
47.3
31.4
50.5
45.6
57.4
50.6
48.6
49.1
54.0
54.4
38.3
29.9
45.2
54.5
37.7
42.7
52.8
41.6
34.7
56.6
57.2
47.5
57.6
56.7
61.9
53.3
42.0
33.8
51.7
38.0
44.8
45.2
53.4
51.5
63.4
36.5
47.6
62.2
48.5
51.4
62.7
31.4
66.2
52.1
48.7
43.7
41.5
65.9
69.2
46.8
60.5
39.8
48.3
48.2
50.7
45.1
46.2
42.0
47.1
57.8
58.8
41.3
59.5
68.3
46.0
51.4
60.3
60.2
53.2
45.6
47.3
39.6
45.8
40.6
42.0
51.7
42.7
57.8
47.3
53.7
47.5
57.2
60.2
65.8
48.1
52.5
32.6
30.2
44.6
60.1
40.7
47.4
41.7
47.9
38.4
57.2
56.1
56.6
52.2
44.1
70.1
53.3
60.2
50.9
60.3
58.8
44.3
51.6
49.3
57.4
47.5
43.6
59.0
64.7
49.7
61.8
52.1
64.5
42.6
47.7
61.5
52.9
60.2
38.4
57.3
57.2
51.1
40.9
40.6
54.5
49.4
38.6
42.3
47.3
57.1
49.9
50.9
33.7
59.9
52.4
55.8
32.9
33.6
55.9
39.5
59.6
47.1
43.6
36.3
36.9
77.0
43.1
58.8
29.0
34.9
67.6
40.9
49.6
62.6
51.9
55.3
58.7
58.8
54.6
45.8
62.0
50.0
70.7
48.0
47.6
35.5
70.6
57.1
48.0
38.4
75.7
43.5
48.4
50.1
47.8
53.1
53.7
29.4
56.7
50.1
47.5
39.8
42.3
49.1
32.2
33.7
39.0
36.1
66.0
52.9
45.7
48.8
45.1
49.1
37.6
56.2
45.3
38.7
46.8
58.2
53.3
53.1
47.7
43.5
55.3
47.1
32.1
58.8
43.4
54.0
49.5
61.0
61.7
54.8
50.1
46.2
20.6
49.6
52.0
67.8
44.1
43.8
55.6
62.4
42.6
51.3
49.7
44.7
47.6
59.8
54.0
50.6
40.8
51.3
66.2
45.1
46.3
43.7
42.1
72.4
39.1
63.5
43.2
60.4
53.4
47.6
60.2
48.8
45.6
47.6
48.0
30.5
43.8
23.7
50.5
32.8
34.5
42.4
44.1
57.1
45.2
48.9
43.3
50.7
42.0
43.1
44.0
46.2
58.3
38.2
41.0
36.0
45.4
52.5
58.9
66.7
50.4
54.9
48.1
39.4
42.0
69.0
51.2
52.6
38.6
39.2
39.2
57.3
50.3
39.6
65.1
33.6
58.7
51.7
63.7
46.9
56.1
49.8
65.4
35.7
42.1
56.0
54.0
54.0
52.0
66.5
47.7
57.9
54.2
38.2
46.2
54.0
43.8
50.9
65.0
48.5
47.2
50.4
49.3
59.9
65.1
54.0
68.1
44.9
57.8
41.3
52.2
60.7
56.4
56.8
44.5
57.5
46.6
39.9
39.1
48.3
43.2
57.4
46.7
56.0
53.0
47.6
60.5
49.9
48.6
42.1
34.1
67.6
44.3
56.1
53.2
54.3
51.4
68.9
52.7
66.4
66.2
59.4
53.8
53.6
34.8
46.9
38.4
64.1
37.8
61.0
36.8
62.3
51.8
51.5
57.8
53.0
49.4
44.8
53.2
41.2
47.5
53.4
54.0
61.7
44.9
35.3
42.1
69.1
45.1
39.3
43.0
37.1
61.6
52.4
56.3
31.5
46.8
44.6
60.4
61.8
61.9
38.3
57.1
42.8
61.5
49.1
77.9
69.5
46.3
40.0
59.0
57.7
46.6
49.1
46.8
58.5
37.0
50.7
38.4
46.0
46.9
43.0
54.5
63.4
51.0
37.1
54.0
56.9
42.1
37.5
48.4
46.4
50.9
41.9
45.7
32.5
31.3
57.5
59.4
50.1
51.7
47.3
54.7
57.0
54.7
34.8
58.8
52.1
47.0
49.5
45.5
72.9
61.9
62.1
44.2
49.2
42.5
49.7
49.8
33.4
54.8
42.2
67.2
43.4
40.6
45.9
39.6
50.5
43.9
47.0
47.1
53.4
54.9
52.8
40.4
54.0
40.9
44.5
70.4
53.7
56.5
43.3
66.0
44.6
45.0
62.1
58.3
58.8
50.8
45.3
59.1
55.4
37.3
43.4
49.9
54.5
51.0
33.1
52.2
56.5
43.6
28.0
33.0
46.3
51.5
47.5
47.4
45.3
65.1
44.9
64.1
68.8
74.2
42.8
42.4
51.3
37.7
56.0
50.8
53.2
60.4
38.5
70.1
42.8
43.5
40.0
52.9
49.7
55.1
52.0
80.0
53.8
52.3
48.3
37.7
45.4
62.5
36.0
68.3
50.1
48.7
36.7
49.1
35.5
36.8
41.1
55.7
42.1
50.1
34.4
55.5
54.4
47.6
52.4
46.3
57.0
63.1
39.8
32.3
39.4
52.7
57.8
53.6
53.4
52.9
52.4
51.8
58.9
45.6
56.8
34.6
55.5
56.3
40.7
47.2
46.0
45.2
45.4
75.7
59.0
53.7
40.6
38.1
50.4
44.4
45.2
42.9
67.5
67.3
41.5
48.5
58.5
44.6
40.4
53.0
64.8
50.2
67.5
49.0
56.8
48.7
46.3
49.0
42.0
43.7
48.0
57.1
58.8
53.7
66.0
38.2
61.0
66.5
39.1
66.6
58.6
45.7
54.9
59.8
66.7
44.8
55.6
61.4
58.7
52.5
30.8
56.2
58.7
48.6
68.1
57.0
50.5
50.9
67.0
68.3
58.9
40.8
56.4
44.6
48.6
59.0
32.2
55.7
49.0
42.3
69.6
53.3
46.7
42.1
46.4
40.4
50.3
46.4
57.8
72.1
33.8
49.8
53.5
58.9
34.8
31.5
54.5
36.6
54.6
60.1
40.9
42.5
80.2
44.2
42.7
44.1
44.6
73.0
51.4
59.1
51.7
64.2
49.8
55.6
53.8
63.0
56.6
56.7
56.0
46.3
50.1
71.6
66.2
51.9
43.0
44.4
36.6
41.8
52.7
48.3
40.1
59.7
49.4
49.8
44.9
59.3
27.4
53.1
60.3
44.9
54.8
43.8
57.7
35.9
49.3
39.4
52.3
47.3
61.1
46.5
53.9
55.3
64.0
54.3
58.7
20.6
50.4
53.6
52.7
41.4
34.5
59.7
53.0
58.9
55.9
47.6
44.3
57.2
50.8
42.5
44.2
55.3
46.1
45.2
40.2
47.1
45.1
51.7
34.4
41.7
56.0
45.9
61.5
60.3
43.1
38.4
52.2
35.0
56.6
45.1
49.0
53.5
53.8
69.0
43.2
42.5
54.8
56.4
28.5
44.2
39.2
38.1
54.0
42.7
44.8
27.6
40.2
38.8
49.0
46.3
56.9
53.2
38.7
44.0
49.4
54.5
53.1
75.8
51.4
38.7
47.4
64.9
53.2
55.1
64.1
45.2
37.2
67.8
61.6
56.3
57.9
53.6
39.0
57.9
29.9
48.0
58.6
61.7
60.4
50.4
60.0
52.0
42.9
28.8
56.8
51.6
57.1
55.1
33.3
61.7
41.7
61.3
45.2
51.1
51.1
38.8
58.2
28.3
41.5
53.8
65.6
43.4
49.7
42.8
65.0
43.7
65.5
59.7
49.9
58.8
56.8
62.5
46.1
37.4
53.9
44.2
45.3
37.3
65.7
49.3
46.0
39.9
48.1
42.0
56.6
57.7
58.8
47.8
53.9
53.2
49.3
40.9
62.0
44.0
58.4
41.0
54.2
43.5
39.3
68.7
60.1
56.1
35.0
35.2
59.8
66.5
59.3
55.7
35.2
44.3
57.0
45.7
43.8
47.0
49.5
57.7
41.6
53.6
61.7
51.4
61.9
55.8
54.2
43.9
39.8
66.4
59.4
62.1
55.5
64.5
30.2
51.3
49.7
61.2
53.5
35.9
43.9
42.1
36.5
35.8
62.8
56.8
55.1
49.2
46.3
37.3
32.9
52.4
51.7
57.9
63.5
64.0
70.8
61.5
52.2
53.2
39.4
49.9
53.6
56.8
42.8
48.4
62.0
58.7
42.3
39.4
40.9
47.0
33.1
43.3
44.5
32.0
57.0
59.3
43.6
55.2
55.2
49.4
47.1
55.2
60.3
16.6
61.1
52.8
40.6
56.1
52.6
59.2
59.3
44.2
37.0
55.8
53.4
46.5
60.6
51.2
50.7
52.8
18.4
58.4
47.9
63.2
63.6
56.3
58.5
47.0
33.1
67.4
29.9
57.1
60.4
53.5
63.6
49.1
74.5
61.4
57.0
60.2
38.5
40.5
57.0
51.5
41.4
60.7
58.5
54.1
68.1
52.7
49.0
41.0
34.3
42.4
62.9
48.5
32.4
54.2
25.6
67.4
45.1
36.5
36.8
38.2
41.1
58.8
44.9
48.7
39.6
38.9
43.8
67.1
37.9
41.6
44.2
57.4
52.3
37.7
49.3
58.6
48.2
43.4
50.7
37.6
55.0
42.4
57.6
49.5
32.7
58.3
52.1
58.8
67.5
54.9
65.6
57.7
54.6
46.2
63.5
48.2
48.9
46.0
39.4
39.6
51.6
47.7
39.9
49.7
46.8
47.4
51.4
39.4
56.2
68.8
47.8
52.0
48.0
52.4
51.7
45.2
36.1
48.4
36.4
45.8
34.4
50.9
54.5
55.7
42.0
56.5
53.5
58.5
79.9
31.4
40.2
43.1
55.2
37.8
51.2
42.0
31.2
31.8
50.8
52.7
40.8
50.6
49.5
67.6
50.8
68.8
54.3
43.6
43.3
49.4
34.7
57.3
63.1
42.5
56.0
58.5
49.1
53.7
35.0
57.7
63.1
40.0
60.6
47.0
51.2
55.7
63.1
66.1
32.5
48.3
54.5
52.8
66.8
54.3
58.4
50.8
54.7
52.8
49.7
58.8
67.3
52.8
64.1
58.0
33.6
59.8
47.9
53.1
46.7
52.5
52.3
37.3
57.0
34.3
39.4
41.1
77.1
52.6
36.1
50.3
45.8
53.5
66.0
42.3
54.6
61.0
31.3
40.9
58.5
61.0
43.6
62.7
53.3
61.3
55.2
57.0
43.5
33.1
55.6
34.2
43.4
73.8
74.1
53.4
56.8
63.8
50.4
47.0
47.2
41.9
44.5
46.5
32.0
50.8
25.2
59.6
32.9
67.9
44.4
51.0
57.7
46.9
43.2
50.7
34.8
47.4
46.7
58.8
52.9
62.2
30.0
36.8
49.6
38.0
63.3
42.1
43.7
53.3
45.4
44.0
41.2
65.9
33.2
63.2
51.3
51.3
60.1
51.7
57.9
60.4
57.7
46.5
26.6
34.5
55.6
46.2
40.8
54.6
50.1
34.7
39.6
57.7
32.6
47.4
43.4
47.5
64.3
47.7
63.7
47.8
58.4
39.5
29.8
26.0
51.4
42.2
45.3
52.5
56.3
39.6
32.9
42.8
43.5
57.8
68.9
70.0
41.0
53.6
37.7
36.0
59.2
54.9
43.2
47.7
31.8
38.8
43.9
52.3
42.7
54.3
54.3
53.0
62.8
52.0
61.9
40.1
57.4
56.6
53.1
49.9
44.6
32.4
52.8
51.3
60.3
40.9
51.4
39.6
37.0
51.4
42.1
61.4
31.0
40.4
55.5
34.5
42.8
39.6
53.1
71.3
44.7
47.2
48.8
46.1
70.0
39.2
51.5
36.2
36.8
49.0
48.9
54.4
39.4
34.5
46.5
46.8
45.6
47.2
52.5
36.6
53.0
25.5
44.5
65.3
51.7
60.5
48.8
57.5
38.7
39.3
42.1
47.8
57.0
61.2
47.1
51.1
51.4
63.7
33.1
34.2
48.4
51.7
60.6
59.9
64.7
53.5
47.8
45.9
40.0
53.9
53.0
61.3
59.8
43.9
57.2
39.4
41.9
32.1
41.7
70.9
68.5
51.2
62.3
49.9
57.1
65.9
69.9
45.7
49.7
54.6
54.5
46.2
64.0
48.4
28.8
48.5
46.3
50.9
33.9
63.3
39.1
43.8
55.5
66.0
66.9
33.8
46.5
65.3
44.3
56.8
55.0
66.2
64.3
56.9
48.7
52.2
48.0
43.3
37.3
70.7
69.1
43.6
36.2
42.9
61.6
58.5
40.2
54.6
47.8
68.4
47.5
46.6
35.4
48.2
36.1
59.1
53.0
64.3
38.4
50.6
52.2
57.6
52.1
48.3
56.3
41.7
35.2
53.9
42.3
55.6
50.8
26.6
59.6
76.6
54.9
54.8
47.2
39.3
45.8
57.9
53.2
49.8
67.9
62.2
36.7
56.0
40.6
33.5
61.0
49.9
52.3
36.9
45.4
41.5
38.0
63.4
45.8
80.5
68.4
66.8
49.5
43.7
43.6
42.1
38.6
56.6
47.9
47.4
47.2
45.4
59.0
44.4
50.4
62.7
56.0
48.4
49.7
32.9
60.6
46.7
58.1
47.6
50.9
42.5
39.9
50.1
65.1
52.4
44.3
48.2
53.0
50.1
33.8
46.2
64.5
41.4
35.4
39.6
52.3
54.4
49.9
35.2
52.8
64.7
75.8
53.4
48.2
31.0
42.4
47.2
38.4
49.1
42.1
39.4
51.1
35.9
65.3
48.0
52.4
79.9
65.7
52.1
60.4
43.7
25.7
48.9
28.5
53.0
69.2
40.3
42.0
61.4
43.3
58.2
36.5
52.1
38.7
50.4
33.6
36.5
50.2
57.0
55.5
40.5
52.0
49.3
61.6
39.9
69.8
48.4
59.1
50.1
76.3
49.6
46.7
57.4
52.1
48.2
32.7
46.6
42.2
39.4
57.3
44.0
42.0
31.2
47.4
34.0
39.8
44.3
47.7
43.4
44.4
53.1
65.2
40.7
56.0
40.5
70.6
42.7
51.7
42.5
49.4
43.3
46.8
60.1
56.6
55.6
76.1
57.0
59.0
50.9
52.3
75.9
40.1
54.0
46.7
45.6
33.5
56.9
33.8
41.0
55.9
35.8
42.7
40.2
50.0
47.4
64.3
43.3
52.0
32.1
48.8
61.5
45.4
51.1
47.3
34.7
46.9
53.8
50.7
41.0
52.5
53.8
53.6
56.7
64.1
42.2
38.4
45.6
38.1
73.7
50.7
50.4
53.4
66.9
57.4
39.9
44.0
36.0
52.4
51.9
28.8
48.3
50.8
37.1
56.9
64.5
36.6
48.0
55.4
62.7
45.2
52.3
54.8
62.5
44.3
40.4
56.9
44.6
48.2
40.2
43.8
46.5
56.9
51.4
53.3
59.0
55.3
58.6
48.9
58.3
41.1
47.1
63.0
47.5
37.1
32.4
49.0
43.0
36.0
38.4
55.2
54.3
41.7
38.7
40.0
48.2
46.8
56.5
52.9
57.6
46.1
40.7
50.0
67.2
58.0
51.1
48.5
34.4
58.2
56.6
69.0
39.9
64.8
62.4
47.1
49.7
47.4
44.1
42.5
44.2
54.1
69.0
50.1
42.6
36.0
40.1
48.0
45.9
65.3
59.7
41.4
43.9
52.2
38.2
51.7
51.1
59.4
45.2
34.7
43.8
54.4
52.1
46.4
54.4
39.1
45.6
47.8
53.0
59.9
54.4
40.4
57.9
33.2
38.6
60.0
37.5
43.1
48.8
57.4
43.6
56.5
45.9
43.6
50.7
50.5
51.2
52.8
42.3
50.9
54.1
43.4
48.5
61.1
29.6
37.6
48.4
52.4
61.7
57.9
53.8
64.6
43.9
46.2
42.2
44.5
58.0
35.6
58.7
56.9
41.2
57.8
53.8
47.1
63.1
56.8
40.2
60.2
69.8
44.4
60.0
44.6
34.6
57.7
35.7
40.5
46.5
63.5
66.9
38.3
55.4
53.2
35.6
53.6
42.0
49.5
48.0
46.7
39.6
59.3
66.0
37.0
55.1
41.4
65.9
55.9
45.5
28.3
62.3
70.8
55.1
50.3
49.8
40.2
66.9
62.3
47.5
50.3
36.9
51.4
45.8
34.3
44.7
56.3
31.4
51.3
68.2
45.3
54.3
47.6
66.3
47.0
53.0
45.2
40.6
49.8
42.6
51.1
61.9
39.8
56.8
62.9
56.4
50.6
50.1
44.2
35.6
67.3
55.5
23.2
44.1
70.3
60.1
37.4
54.8
43.8
50.1
41.8
48.7
53.9
42.5
44.7
40.5
59.2
69.4
53.9
57.3
50.5
48.2
51.1
44.0
40.3
53.2
57.9
35.8
61.9
54.3
56.4
56.0
40.2
57.7
46.1
57.5
49.0
50.6
55.7
59.6
59.5
39.8
46.2
41.4
44.7
50.7
42.4
54.2
63.4
48.9
45.4
57.1
55.7
41.9
69.8
35.6
52.4
43.9
43.6
45.6
56.8
38.0
53.6
57.9
52.6
51.8
36.4
65.7
62.8
54.1
73.6
55.4
56.6
52.1
44.9
39.6
54.5
42.6
29.0
46.8
64.0
45.7
56.4
54.6
48.3
54.0
50.9
49.7
51.7
62.7
44.2
39.0
43.3
47.1
51.6
54.1
58.5
33.4
57.9
59.5
47.5
58.2
58.1
50.6
35.3
58.0
51.4
43.6
61.1
47.8
48.8
47.5
59.6
27.7
64.2
68.7
51.8
62.7
46.5
41.8
54.4
49.8
41.5
64.2
35.9
43.1
50.7
28.0
36.3
77.3
64.3
62.8
53.6
56.3
38.6
57.3
32.6
54.2
55.7
60.3
33.2
44.6
46.7
61.6
59.8
53.8
27.8
36.5
35.7
59.3
64.9
59.7
51.1
55.2
54.5
29.9
36.4
47.5
46.2
51.9
52.9
53.7
53.1
41.7
47.9
46.7
60.0
51.7
60.2
64.4
61.6
57.6
15.5
56.0
54.6
74.7
47.0
19.5
30.2
49.4
48.1
51.3
62.9
49.4
49.7
60.5
58.3
49.0
44.9
51.9
40.1
47.1
54.9
52.4
53.4
71.6
42.0
43.9
38.8
68.1
49.7
40.0
54.4
57.7
36.7
56.1
49.5
50.1
45.9
48.8
40.7
62.6
31.6
49.6
50.4
59.4
51.5
55.1
45.2
63.1
42.0
54.0
48.5
45.7
55.8
49.9
49.7
52.4
55.4
38.7
41.6
25.5
44.5
44.3
47.4
30.7
51.5
36.7
53.8
36.0
66.1
43.1
45.0
59.9
55.6
37.0
63.1
33.3
57.4
49.0
54.3
50.6
38.6
43.6
53.9
67.0
44.2
29.7
39.1
47.7
34.8
62.7
38.0
57.0
48.6
37.2
49.1
48.3
60.7
50.6
50.6
61.3
63.0
39.6
20.8
39.0
58.8
76.2
50.7
42.3
37.9
58.0
47.3
48.3
56.2
43.6
57.8
47.9
56.1
34.0
37.9
51.5
65.3
40.7
52.7
44.6
69.7
53.1
51.1
30.1
39.7
48.8
40.3
56.6
60.5
48.1
60.4
72.0
50.5
46.3
33.4
42.9
36.9
46.2
45.3
51.0
47.3
54.5
67.6
45.1
43.7
55.4
47.2
36.0
56.8
44.4
49.1
46.2
47.8
41.5
37.5
68.0
33.2
42.9
37.4
43.6
50.2
54.2
45.4
63.2
57.3
48.7
51.3
55.2
56.9
53.9
50.1
41.3
46.7
41.7
51.0
40.0
52.3
43.5
58.3
18.1
68.8
51.4
58.3
60.7
50.6
36.4
38.5
65.8
51.3
59.1
64.1
48.9
47.0
41.5
39.1
27.2
44.0
47.6
54.0
46.5
42.3
64.6
54.0
43.5
58.6
49.9
44.1
46.1
22.7
46.3
49.1
40.1
39.1
56.3
45.8
51.4
62.2
43.7
65.3
57.6
58.5
47.3
30.1
46.8
58.3
62.0
45.5
58.4
59.4
35.4
44.5
35.4
46.4
33.9
41.5
27.7
38.0
52.6
50.1
56.8
57.3
51.6
36.4
33.8
56.9
33.4
57.3
43.3
60.5
58.7
43.7
48.1
55.7
53.3
53.7
55.6
57.4
53.3
35.2
64.8
41.8
31.3
39.1
41.1
61.6
70.0
40.0
56.4
47.5
61.0
53.2
46.1
58.2
52.7
47.9
60.5
45.4
39.9
38.8
35.6
53.6
51.0
43.8
54.5
66.9
47.3
57.3
36.8
31.9
54.9
40.4
31.9
44.5
39.6
52.3
58.3
47.2
65.9
61.8
26.3
41.9
54.0
38.4
52.6
40.3
42.6
47.6
61.7
46.3
48.0
56.2
48.3
63.8
37.6
37.8
50.5
48.4
50.8
79.6
39.1
28.9
49.1
48.5
29.9
51.1
57.7
63.9
53.9
41.2
64.1
32.5
43.4
50.1
49.9
59.2
55.0
40.0
53.3
27.3
64.0
27.4
69.2
61.6
54.5
45.5
28.1
48.7
34.2
55.2
43.1
32.3
49.3
36.6
48.4
50.8
67.8
52.4
48.3
63.4
43.8
47.8
66.3
39.4
59.0
46.5
62.3
32.7
63.6
54.5
59.7
51.1
53.7
35.3
42.0
30.7
43.9
46.6
51.7
16.7
61.0
36.9
36.3
42.8
66.3
55.1
34.8
52.0
68.8
68.5
68.0
22.4
38.3
74.0
26.3
57.9
53.1
43.5
47.9
32.9
52.2
45.8
57.7
54.7
44.5
42.3
54.5
64.5
38.5
47.1
43.7
72.4
45.8
46.7
67.7
33.2
47.6
56.0
62.2
64.2
55.5
53.8
54.1
55.2
55.9
38.7
59.8
51.9
58.4
63.6
48.0
45.8
49.3
53.5
60.6
43.3
59.6
68.9
44.5
53.4
76.7
42.9
50.2
64.8
41.8
58.7
32.3
22.1
34.6
56.4
38.3
57.6
58.5
60.3
45.9
43.1
44.8
42.2
54.7
32.8
55.3
51.9
44.0
64.3
37.1
44.4
58.8
48.2
37.2
55.5
54.7
40.6
66.5
56.0
54.5
42.3
39.1
62.8
20.3
37.9
68.6
64.6
48.4
52.1
52.8
68.3
60.7
41.3
58.0
50.3
53.3
35.3
46.7
51.3
32.7
33.7
34.2
35.5
36.6
58.3
51.7
38.1
39.3
57.0
5.0
50.0
57.9
45.3
38.4
46.8
53.4
45.8
62.8
54.9
54.8
31.3
60.3
66.2
30.4
49.9
55.0
59.0
52.5
41.7
56.3
55.7
57.1
78.9
45.2
48.1
55.0
59.9
71.8
51.7
46.3
74.7
67.7
54.3
48.0
57.3
46.1
49.4
49.8
37.7
54.0
67.6
57.2
72.5
45.1
53.5
54.0
41.9
25.0
51.2
46.1
44.2
48.3
63.6
24.8
55.9
41.3
51.2
52.6
47.9
58.2
50.5
38.8
46.2
33.4
58.5
38.5
37.0
51.9
56.3
72.5
31.5
42.6
67.7
47.1
54.1
44.0
66.3
33.7
53.8
64.4
68.4
55.7
68.8
53.1
41.1
51.6
52.1
46.4
55.2
53.8
47.4
48.6
54.1
40.0
40.2
52.8
33.7
53.9
35.9
52.7
53.8
36.7
59.7
64.1
24.5
56.6
58.4
50.8
35.0
44.6
48.2
57.2
50.8
57.6
60.3
26.6
71.1
47.5
46.2
69.9
48.4
58.5
51.5
45.8
38.9
44.5
48.1
55.9
46.4
29.1
61.5
47.4
65.2
50.0
50.4
64.5
59.9
47.8
35.5
68.2
51.9
48.6
65.1
51.6
38.3
53.8
61.2
48.6
46.1
52.0
54.9
64.4
25.2
54.2
48.9
47.0
40.5
53.2
51.1
45.9
47.3
41.8
50.7
50.6
44.7
53.9
47.1
40.7
43.0
46.4
39.3
61.7
45.0
39.5
38.5
40.2
49.3
58.7
48.2
31.6
59.2
44.2
49.8
53.5
46.1
48.5
65.6
44.4
43.4
45.8
24.0
45.8
39.5
45.0
56.2
61.5
31.2
51.6
47.4
40.6
41.1
43.8
52.5
46.6
51.7
44.3
80.4
50.4
54.0
46.1
61.4
55.4
72.9
34.4
50.2
52.3
52.1
58.0
35.4
42.3
54.5
34.3
58.7
34.3
60.2
45.7
35.8
63.4
36.0
49.9
74.8
58.9
32.1
56.4
34.2
43.9
46.7
46.9
42.0
30.0
38.1
63.0
46.7
46.3
49.1
53.8
56.6
41.7
50.5
60.3
40.1
65.6
49.9
45.4
37.0
43.0
46.9
72.1
44.4
52.9
44.1
51.3
51.1
47.8
36.4
57.9
42.1
35.4
61.6
34.0
54.6
38.1
52.7
57.2
35.7
64.4
41.7
57.7
54.6
34.5
38.0
52.9
39.5
55.2
46.7
52.3
46.5
61.1
64.4
50.6
53.8
43.8
46.3
36.8
51.8
46.3
44.2
60.3
61.5
40.5
50.8
37.1
48.4
61.3
49.4
61.2
42.3
72.2
45.8
50.3
47.4
61.8
30.9
46.6
74.6
42.6
58.6
43.6
31.6
48.1
62.6
43.1
39.9
45.2
42.4
43.6
37.6
50.0
48.5
36.7
38.2
50.4
47.6
57.0
64.9
57.8
37.7
49.6
35.0
60.3
58.3
62.2
44.4
41.8
50.6
55.5
46.5
43.4
62.8
62.0
52.2
40.5
59.0
70.7
57.0
46.9
53.7
56.7
54.0
55.1
49.5
84.5
25.0
30.5
61.1
38.9
71.0
53.0
56.0
52.6
57.1
43.5
44.6
44.1
49.9
38.0
54.8
50.1
61.5
52.1
50.5
46.9
33.2
54.2
41.5
51.8
52.8
51.1
29.2
64.3
56.2
62.9
49.4
47.8
42.5
42.5
43.3
44.7
37.8
45.7
48.9
40.9
58.6
45.8
46.3
35.3
46.1
58.4
50.2
56.6
42.0
44.3
49.3
41.3
59.9
55.9
66.0
52.7
38.7
45.9
59.0
60.6
57.4
47.8
41.7
42.9
34.7
32.1
53.7
51.0
49.3
68.5
54.1
58.8
40.1
38.8
44.5
47.7
42.8
38.1
42.5
36.8
54.0
50.1
47.5
59.6
36.6
35.0
47.9
43.8
57.3
59.7
51.9
42.6
59.6
46.0
45.3
38.4
52.9
52.2
54.4
51.0
40.9
57.2
52.7
48.7
55.6
46.5
52.7
50.0
41.8
56.1
50.6
36.9
74.7
58.8
54.3
64.1
50.9
66.4
50.1
40.9
63.5
51.1
57.6
59.8
58.3
48.6
51.7
45.4
41.3
58.0
41.8
33.4
44.0
51.9
40.7
31.5
67.8
45.3
48.8
34.8
46.8
41.3
56.4
43.5
48.6
63.9
37.8
43.9
58.3
63.1
59.3
43.9
48.9
33.4
55.4
47.0
58.7
45.7
39.7
49.3
56.0
50.6
54.6
50.4
53.9
48.1
45.4
39.2
32.4
48.5
27.4
36.4
53.0
67.8
53.3
37.2
22.2
48.5
54.5
31.9
42.7
41.6
50.5
57.4
57.1
47.6
70.1
36.3
41.1
47.8
51.9
43.5
52.3
55.6
59.0
61.8
38.6
74.0
37.7
45.5
55.4
42.0
47.5
40.8
49.0
39.2
54.2
57.3
26.1
57.5
63.6
53.2
51.3
60.8
26.7
44.2
66.4
39.3
47.0
50.3
53.7
52.7
62.2
57.2
51.7
62.8
51.1
49.9
52.5
46.8
56.8
55.3
67.0
51.9
44.7
49.3
42.2
47.8
46.4
51.7
51.3
75.3
56.1
49.7
51.0
43.0
41.1
52.3
46.9
57.6
38.7
55.1
50.2
43.0
40.9
52.9
44.4
74.9
66.8
51.1
42.9
63.3
47.9
47.5
46.6
53.0
56.8
64.2
47.3
53.1
48.4
45.7
50.7
33.8
42.7
37.9
49.2
42.4
46.1
58.7
43.9
43.9
54.3
38.0
55.6
56.6
56.8
57.8
32.8
49.8
56.0
42.1
65.4
59.3
43.1
48.4
51.8
48.1
62.7
49.0
43.6
51.8
53.4
62.7
47.8
37.6
51.1
42.4
67.5
61.4
54.2
56.3
60.7
64.8
48.8
59.0
47.5
76.2
54.9
53.2
47.5
55.8
23.2
60.6
58.5
44.1
45.7
43.5
46.2
51.4
53.5
52.5
51.1
43.6
43.3
57.7
36.1
64.3
52.7
36.0
57.6
50.0
59.1
54.0
47.4
54.7
59.0
49.3
51.2
48.7
70.6
60.6
50.7
56.0
25.2
48.6
68.2
47.2
68.5
56.0
53.0
40.4
47.3
46.2
58.3
42.8
30.7
43.7
49.2
50.2
45.6
30.2
52.0
51.7
55.1
53.5
44.9
48.5
48.9
41.1
53.0
39.5
54.0
54.1
33.2
72.4
53.2
40.1
33.8
49.8
65.6
56.3
44.1
44.0
54.9
27.6
39.6
47.5
37.6
61.1
52.6
65.3
53.8
56.8
58.5
46.1
50.7
74.4
49.6
65.7
41.9
48.5
55.5
47.3
50.5
48.9
50.7
51.4
37.2
72.7
59.5
30.6
38.2
62.1
53.3
65.3
50.5
33.5
60.8
43.5
42.3
61.3
47.6
48.7
58.9
44.5
34.8
42.5
44.6
43.5
49.5
37.0
40.0
44.4
32.7
55.8
40.8
46.6
43.9
51.9
65.0
66.1
36.6
57.3
56.6
34.3
39.6
61.1
24.0
56.9
47.7
43.1
40.0
30.8
52.4
31.4
32.3
42.1
42.0
52.0
52.0
53.2
43.2
72.8
43.7
39.0
39.3
52.6
62.7
61.4
40.5
32.7
53.4
51.2
48.8
44.7
36.6
54.0
52.5
64.8
43.9
45.0
63.6
41.7
54.5
56.0
36.0
59.7
39.6
36.0
56.6
45.2
59.2
37.9
58.1
67.2
59.3
59.1
63.2
44.1
58.6
69.9
60.1
53.4
59.0
54.7
32.9
42.7
44.1
41.9
28.2
45.6
62.9
52.5
50.9
53.6
43.1
65.1
48.9
41.5
41.8
41.6
46.9
47.3
56.4
45.7
51.9
49.9
50.0
71.7
47.7
50.8
58.0
43.4
52.5
33.2
40.9
65.9
33.7
38.0
52.3
28.6
67.7
41.0
38.2
44.5
31.5
39.0
47.9
42.3
52.6
57.1
36.4
58.2
43.9
57.2
45.2
55.4
35.7
54.0
36.9
32.9
53.8
33.4
47.9
35.6
37.3
59.8
48.2
33.4
53.1
55.6
47.9
62.0
59.5
46.6
51.8
50.7
55.0
51.7
40.3
44.2
44.7
69.3
46.8
46.3
53.6
40.4
56.7
29.2
39.2
44.6
54.0
56.3
54.5
50.6
32.8
35.2
65.5
42.4
60.3
53.2
53.1
40.4
56.2
60.1
39.8
30.2
51.3
38.8
37.1
17.2
57.2
53.8
53.7
49.1
55.5
64.3
35.8
54.3
31.3
40.0
51.6
55.7
47.6
37.3
58.7
52.0
50.1
72.4
43.7
62.8
39.8
33.8
59.6
34.3
62.9
39.2
52.8
57.1
42.6
51.1
60.0
41.8
68.6
42.6
49.3
37.7
66.0
39.4
52.1
49.8
58.5
42.6
42.9
56.5
65.6
46.0
39.1
50.0
44.4
63.2
52.9
67.0
67.3
48.2
41.3
55.8
45.0
55.7
61.7
40.9
39.0
34.3
59.6
62.3
34.6
63.1
49.7
40.8
72.4
35.9
48.7
46.4
39.2
49.7
54.0
48.1
49.4
59.7
49.9
43.0
53.9
41.6
43.8
50.0
51.6
34.5
51.8
36.6
47.4
33.5
46.2
50.8
42.5
50.9
60.6
28.1
38.2
48.6
46.5
47.1
45.9
44.6
36.9
49.7
57.8
53.7
54.6
47.0
54.9
56.3
48.6
57.1
35.9
53.9
52.4
45.7
49.1
57.2
65.8
32.9
62.6
41.7
47.6
56.0
46.1
57.0
41.2
59.0
40.6
66.8
52.9
41.9
38.6
50.1
57.3
57.5
57.6
51.3
46.5
42.0
54.8
58.7
49.4
90.7
45.6
42.2
54.2
61.1
30.9
59.8
44.5
48.0
57.9
57.2
47.9
48.4
53.2
37.2
43.8
33.2
69.5
62.8
54.0
58.8
46.8
55.1
59.2
39.9
59.4
38.1
49.2
41.2
50.4
52.3
52.6
49.7
70.0
33.6
29.5
44.7
62.2
50.9
61.4
33.5
77.7
47.9
50.6
40.1
50.1
42.0
48.3
45.0
39.1
52.2
54.4
66.6
44.6
23.7
65.1
59.5
62.6
42.0
44.3
46.5
49.4
55.4
68.4
46.0
50.7
55.3
32.8
37.9
63.4
55.6
36.0
46.8
51.5
46.3
50.2
35.0
52.9
73.0
58.4
57.1
45.4
53.7
64.1
51.0
57.9
46.2
45.6
53.5
60.4
50.3
53.3
41.7
36.8
50.7
37.9
62.8
51.3
62.9
44.9
57.8
46.7
50.5
45.3
50.7
47.3
35.2
36.8
31.3
31.8
47.9
67.1
60.0
51.9
60.5
50.0
50.9
57.5
44.1
33.9
59.2
45.3
62.3
45.6
49.9
40.8
54.2
41.2
51.7
59.1
59.5
51.2
