0.519572
0.887343
0.469907
0.222093
0.859488
0.546826
0.928684
0.439334
0.739872
0.608161
0.434261
0.50591
0.0926013
0.417196
0.91794
0.310028
0.392645
0.864323
0.733161
0.377088
0.0566336
0.708644
0.290254
0.663173
0.338007
0.0261697
0.900784
0.422549
0.778952
0.956925
0.406647
0.490262
0.671936
0.749394
0.456526
0.344424
0.544963
0.433896
0.549409
0.471621
0.588548
0.463645
0.856805
0.82968
0.387424
0.864072
0.866717
0.37692
0.407207
0.229071
0.762251
0.686778
0.765248
0.704936
0.361585
0.843876
0.753117
0.358126
0.301679
0.558964
0.301723
0.96313
0.914956
0.83584
0.890965
0.267076
0.924795
0.374851
0.857116
0.280051
0.520852
0.255371
0.615105
0.538941
0.132662
0.845274
0.4463
0.862757
0.180997
0.667204
0.0350402
0.0182608
0.970349
0.803642
0.820028
0.019943
0.906662
0.834973
0.183253
0.357362
0.184203
0.611484
0.900822
0.7402
0.634008
0.0761634
0.275506
0.748693
0.177752
0.439273
0.898673
0.703226
0.226303
0.213171
0.339315
0.393255
0.0705495
0.173425
0.472926
0.0989545
0.131529
0.00747148
0.885994
0.875429
0.175587
0.642757
0.984304
0.436146
0.181268
0.338449
0.965607
0.642645
0.313164
0.0369318
0.613337
0.0735251
0.510369
0.556529
0.728523
0.654743
0.256113
0.386285
0.785718
0.342468
0.787679
0.670419
0.607982
0.49832
0.0723934
0.379958
0.188415
0.108065
0.123368
0.0887259
0.250229
0.281665
0.396875
0.669797
0.331347
0.856527
0.171573
0.965663
0.30856
0.676244
0.162675
0.428177
0.880401
0.71217
0.911917
0.391018
0.166772
0.553464
0.682551
0.00321113
0.476475
0.560492
0.656281
0.826433
0.790537
0.838196
0.571459
0.329287
0.897258
0.866769
0.31486
0.106322
0.723681
0.820812
0.646274
0.561815
0.702384
0.313081
0.0891119
0.0770553
0.98527
0.690785
0.209172
0.123811
0.91663
0.0667781
0.159144
0.598913
0.965309
0.586838
0.902933
0.382351
0.332598
0.0173337
0.195509
0.110657
0.118847
0.86725
0.0775191
0.559137
0.328148
0.627946
0.855718
0.139238
0.274269
0.559948
0.705907
0.0402833
0.700407
0.577036
0.94155
0.653039
0.272494
0.959712
0.422394
0.51438
0.132159
0.732415
0.726669
0.800671
0.59656
0.455645
0.68912
0.925666
0.32028
0.498201
0.0247992
0.54823
0.81585
0.468668
0.0189151
0.806505
0.653923
0.833606
0.598056
0.252762
0.425638
0.895888
0.869118
0.713004
0.107659
0.223061
0.418584
0.164589
0.441768
0.466018
0.893837
0.831225
0.434141
0.240301
0.892177
0.997379
0.269105
0.831517
0.490493
0.182285
0.941707
0.510661
0.69987
0.189443
0.694717
0.73197
0.467211
0.110875
0.288642
0.920759
0.255747
0.421878
0.119454
0.942935
0.15482
0.720301
0.586171
0.327278
0.827019
0.233736
0.545748
0.43781
0.828347
0.0268175
0.554255
0.949569
0.384983
0.834734
0.443779
0.241218
0.676461
0.180414
0.373171
0.434236
0.976766
0.0729909
0.244806
0.421841
0.844417
0.332195
0.92237
0.539317
0.0712496
0.728171
0.271506
0.795395
0.693912
0.809317
0.847341
0.0993398
0.47031
0.00437344
0.0863244
0.364711
0.842157
0.258863
0.461194
0.321725
0.272673
0.878412
0.576788
0.876416
0.499033
0.00763106
0.829208
0.873202
0.565058
0.897991
0.132704
0.986209
0.0927169
0.562882
0.521842
0.206756
0.977905
0.298192
0.786604
0.3439
0.411393
0.450759
0.834449
0.760765
0.608159
0.48083
0.395369
0.198047
0.191451
0.0745727
0.799776
0.600206
0.135001
0.176874
0.244576
0.217778
0.822095
0.338143
0.924672
0.580879
0.80066
0.547358
0.97473
0.112736
0.0575999
0.877865
0.68861
0.331251
0.871123
0.526175
0.618798
0.663142
0.13841
0.356314
0.468689
0.159386
0.583753
0.516146
0.207066
0.871027
0.860359
0.803026
0.600812
0.943922
0.123125
0.704067
0.611064
0.74199
0.94351
0.931253
0.934842
0.275714
0.669655
0.940966
0.2081
0.411062
0.329371
0.653769
0.0613117
0.855276
0.413077
0.792019
0.37631
0.122199
0.283217
0.470631
0.32277
0.724989
0.961032
0.976401
0.0281125
0.440889
0.181433
0.0898111
0.587802
0.523829
0.614486
0.665979
0.511445
0.496329
0.573395
0.943746
0.512552
0.215286
0.54128
0.260162
0.459749
0.636877
0.803468
0.508034
0.968935
0.344989
0.257552
0.0629672
0.743347
0.551446
0.710646
0.654851
0.920865
0.440882
0.46471
0.828226
0.494158
0.608843
0.690543
0.183327
0.0309732
0.416815
0.80114
0.565551
0.0815744
0.303029
0.17868
0.993406
0.4761
0.440681
0.873758
0.087703
0.0807504
0.924199
0.386753
0.874383
0.0370479
0.709587
0.845775
0.634754
0.347982
0.590647
0.115626
0.6294
0.657433
0.38375
0.396019
0.940998
0.0557034
0.0760296
0.921782
0.290278
0.429193
0.643706
0.798325
0.135075
0.0263378
0.0204159
0.211629
0.738079
0.227594
0.759404
0.162973
0.760243
0.388095
0.38616
0.734947
0.344662
0.700095
0.464128
0.208122
0.46718
0.304758
0.0354129
0.466498
0.279965
0.227616
0.772664
0.149198
0.957352
0.848956
0.304996
0.666652
0.215381
0.104029
0.148418
0.31318
0.768429
0.146684
0.943189
0.774968
0.0240233
0.528588
0.147155
0.350551
0.972577
0.394421
0.718509
0.942116
0.947514
0.768619
0.154231
0.680311
0.571596
0.053662
0.589678
0.516654
0.916413
0.542694
0.972935
0.962685
0.563943
0.137398
0.199703
0.0613798
0.012574
0.174791
0.750776
0.961413
0.948907
0.326244
0.0670324
0.893148
0.775383
0.742988
0.485615
0.00925908
0.943945
0.398541
0.578622
0.119656
0.395302
0.88639
0.256488
0.88943
0.0159601
0.382831
0.0900864
0.570362
0.0719701
0.578948
0.465656
0.143645
0.853232
0.315221
0.456246
0.25458
0.136178
0.48891
0.459523
0.731141
0.614564
0.0525136
0.712986
0.473008
0.70421
0.214029
0.0682207
0.546065
0.585867
0.194784
0.359798
0.474052
0.719433
0.39004
0.338641
0.456369
0.129743
0.141954
0.58298
0.927379
0.0574264
0.934867
0.139245
0.0401148
0.940661
0.152748
0.0636256
0.277478
0.917097
0.846193
0.918003
0.881036
0.0832974
0.1355
0.522267
0.151988
0.0847594
0.381676
0.910656
0.717591
0.977849
0.63707
0.534727
0.559564
0.59783
0.582316
0.79043
0.627184
0.383632
0.724085
0.166543
0.244448
0.777562
0.651982
0.688029
0.829493
0.160638
0.565971
0.81769
0.492323
0.581487
0.397016
0.994628
0.809968
0.105635
0.320169
0.0676642
0.688049
0.45946
0.233368
0.861106
0.358746
0.166727
0.863076
0.817824
0.406531
0.356339
0.250872
0.804103
0.122312
0.690187
0.382785
0.315047
0.891518
0.748042
0.503087
0.241752
0.219193
0.234504
0.0998044
0.31299
0.256269
0.0815432
0.710049
0.271432
0.70447
0.340734
0.75862
0.00397597
0.895284
0.892862
0.145149
0.880427
0.382708
0.391063
0.193752
0.414078
0.308375
0.4432
0.316716
0.270541
0.0521252
0.927184
0.410518
0.308183
0.481845
0.749565
0.764574
0.895306
0.146841
0.410186
0.972698
0.9072
0.777676
0.551476
0.801193
0.989019
0.708462
0.291605
0.228762
0.148064
0.920361
0.327902
0.0444878
0.67531
0.95028
0.345399
0.526625
0.386991
0.187508
0.585397
0.425462
0.831625
0.574247
0.29281
0.498235
0.3573
0.931672
0.985771
0.95654
0.323487
0.554205
0.533258
0.476102
0.110364
0.351744
0.704086
0.434311
0.376089
0.170458
0.629001
0.16033
0.844905
0.0720124
0.0642514
0.731379
0.644425
0.262594
0.231333
0.771434
0.476588
0.495069
0.168622
0.185615
0.718779
0.417356
0.133327
0.200447
0.601583
0.296021
0.63135
0.412787
0.472564
0.492275
0.823328
0.494712
0.868266
0.638069
0.129301
0.290896
0.695297
0.545124
0.67856
0.511143
0.297768
0.338871
0.886433
0.834621
0.576787
0.0278566
0.275761
0.109256
0.0141964
0.671664
0.0900533
0.334267
0.574725
0.594192
0.669599
0.629034
0.347522
0.772077
0.825319
0.0686161
0.18423
0.168283
0.59846
0.90876
0.983269
0.744106
0.713733
0.541093
0.979897
0.552729
0.183164
0.947218
0.762964
0.287914
0.244005
0.906476
0.133999
0.798357
0.647131
0.129201
0.96683
0.340429
0.832119
0.973655
0.374032
0.894768
0.880731
0.385229
0.733132
0.0451497
0.646834
0.421866
0.453726
0.0570751
0.619032
0.529021
0.549685
0.912004
0.104071
0.301772
0.944454
0.318155
0.285875
0.130322
0.194843
0.466522
0.359765
0.376374
0.120618
0.00423614
0.139011
0.238674
0.594913
0.445382
0.92321
0.397192
0.930995
0.200791
0.20695
0.605216
0.514727
0.531765
0.0358178
0.69788
0.906291
0.253011
0.444867
0.479165
0.0940876
0.538649
0.967575
0.00953084
0.606532
0.884451
0.39869
0.048364
0.966779
0.340606
0.965354
0.0134616
0.428839
0.241309
0.0580221
0.607945
0.880675
0.884566
0.0550096
0.799569
0.438379
0.902803
0.0674274
0.190621
0.0888974
0.414783
0.37193
0.36833
0.995151
0.642671
0.348249
0.303748
0.140822
0.743725
0.0535971
0.304438
0.504983
0.949904
0.112097
0.866825
0.565801
0.118597
0.130549
0.833913
0.338186
0.122262
0.985901
0.821131
0.231807
0.540331
0.0512073
0.742024
0.711054
0.160854
0.46064
0.22411
0.25158
0.243146
0.610494
0.255819
0.399735
0.518969
0.971144
0.943481
0.847584
0.222273
0.361407
0.762745
0.742425
0.118012
0.500938
0.555257
0.638324
0.270452
0.523811
0.07877
0.638063
0.586779
0.595471
0.947044
0.680564
0.911239
0.97243
0.577058
0.756134
0.835915
0.9359
0.389617
0.148776
0.635132
0.238791
0.660993
0.503813
0.546877
0.375128
0.163752
0.907789
0.624099
0.481769
0.188663
0.0200986
0.0373925
0.327319
0.473984
0.154373
0.801138
0.08725
0.130662
0.0180955
0.970902
0.939045
0.569943
0.266261
0.010866
0.892332
0.337145
0.800796
0.0897835
0.182112
0.28304
0.421403
0.279191
0.644005
0.908382
0.69231
0.913926
0.955162
0.362909
0.169055
0.242507
0.395542
0.532521
0.238102
0.0927408
0.118191
0.341082
0.671511
0.0553232
0.581477
0.738294
0.723042
0.232579
0.723439
0.223369
0.4557
0.910173
0.645191
0.603475
0.559732
0.970041
0.479974
0.313527
0.254378
0.244704
0.408106
0.00429976
0.178051
0.576082
0.703193
0.440622
0.137529
0.582949
0.955638
0.00343115
0.302258
0.847136
0.346616
0.58449
0.499711
0.465955
0.951994
0.855805
0.372133
0.938252
0.516173
0.386128
0.895365
0.437124
0.887447
0.903951
0.437701
0.87773
0.372548
0.237961
0.817843
0.615419
0.450608
0.129379
0.305582
0.962466
0.0520863
0.486832
0.458972
0.0363569
0.807782
0.370153
0.198907
0.761892
0.313905
0.897577
0.611154
0.880906
0.318039
0.641324
0.876071
0.759186
0.505408
0.173882
0.125987
0.286639
0.789518
0.677048
0.578445
0.00556891
0.487393
0.17134
0.128065
0.356698
0.896185
0.806782
0.5111
0.734881
0.710881
0.160588
0.586439
0.904137
0.881434
0.144117
0.483922
0.05543
0.169299
0.146402
0.574453
0.564271
0.368775
0.437377
0.27511
0.0978066
0.314301
0.919702
0.812012
0.496075
0.0279379
0.395059
0.0939615
0.672775
0.931752
0.249235
0.330145
0.572968
0.215909
0.735291
0.0208243
0.487742
0.361442
0.521328
0.719489
0.272297
0.33677
0.269587
0.783563
0.44835
0.0973443
0.774351
0.607092
0.0557798
0.064345
0.518275
0.810676
0.348129
0.460991
0.440127
0.52898
0.734451
0.0596552
0.81162
0.582484
0.673743
0.856619
0.626784
0.0168119
0.200222
0.396333
0.41826
0.916053
0.41713
0.886358
0.395404
0.749709
0.395983
0.196954
0.26432
0.668386
0.785356
0.81391
0.627194
0.128275
0.303328
0.237658
0.38702
0.126881
0.918797
0.963406
0.0695887
0.317779
0.0187001
0.0833061
0.300247
0.722932
0.353749
0.089165
0.275632
0.700865
0.0845822
0.140274
0.648757
0.345756
0.249778
0.0749607
0.544685
0.178229
0.792759
0.140368
0.987187
0.204886
0.623906
0.325434
0.242128
0.079052
0.679449
0.0579753
0.964149
0.122005
0.368273
0.27181
0.317727
0.0561597
0.498151
0.849072
0.310195
0.712483
0.84202
0.526477
0.10575
0.00300602
0.188624
0.0824187
0.735091
0.636077
0.856692
0.816835
0.222186
0.504737
0.225683
0.637516
0.796038
0.907882
0.769629
0.569446
0.0269838
0.163454
0.579926
0.782623
0.342575
0.938946
0.099115
0.423191
0.306839
0.510978
0.881025
0.810168
0.0875762
0.595076
0.151807
0.0925152
0.741017
0.932895
0.40212
0.907505
0.489307
0.418127
0.701473
0.5429
0.548646
0.338336
0.675062
0.504081
0.870205
0.00361016
0.749525
0.494257
0.774117
0.56584
0.839262
0.06957
0.230267
0.862381
0.71025
0.173312
0.660336
0.332916
0.972275
0.0168749
0.231264
0.543221
0.309829
0.508022
0.606955
0.322169
0.0513513
0.442987
0.0590108
0.55697
0.425908
0.166989
0.397102
0.626018
0.248836
0.879884
0.130307
0.16034
0.47041
0.323459
0.308489
0.311524
0.382202
0.287848
0.823756
0.166093
0.109056
0.174348
0.792735
0.00333096
0.0294728
0.905487
0.891467
0.823232
0.4154
0.477039
0.911502
0.516785
0.623183
0.464847
0.644915
0.0602898
0.237354
0.454778
0.959842
0.550748
0.67193
0.673329
0.611208
0.275035
0.173869
0.809166
0.153296
0.33149
0.772505
0.656758
0.768397
0.707842
0.541443
0.401132
0.548069
0.476187
0.232664
0.541426
0.468132
0.143791
0.478139
0.35566
0.972023
0.0514237
0.644079
0.133701
0.992631
0.295352
0.453251
0.94865
0.979669
0.142119
0.77375
0.575004
0.983977
0.639273
0.0771001
0.381905
0.834658
0.668333
0.24286
0.465234
0.302793
0.942696
0.418025
0.696659
0.145103
0.435817
0.392762
0.868429
0.959098
0.950189
0.94852
0.922713
0.891182
0.480631
0.00869606
0.137032
0.839297
0.218941
0.505509
0.468129
0.494518
0.350689
0.724207
0.825567
0.751515
0.368583
0.665366
0.430499
0.108067
0.805146
0.997655
0.856457
0.77514
0.35889
0.728666
0.302145
0.594353
0.101951
0.133972
0.140651
0.639666
0.122396
0.724067
0.581349
0.295524
0.627286
0.328568
0.0723269
0.621509
0.49196
0.146127
0.377396
0.203693
0.45034
0.039934
0.230516
0.689148
0.442411
0.191385
0.575491
0.266598
0.778558
0.320021
0.870852
0.444725
0.362394
0.269593
0.670416
0.972229
0.114175
0.822482
0.681147
0.54612
0.7944
0.106885
0.519864
0.77813
0.943141
0.0713834
0.856547
0.325136
0.824685
0.386463
0.186596
0.268607
0.813316
0.257043
0.403419
0.164301
0.873166
0.175176
0.398055
0.0148237
0.0725893
0.293647
0.490745
0.80093
0.565225
0.77629
0.415807
0.184304
0.606197
0.306237
0.463186
0.381949
0.458884
0.622567
0.0536941
0.758594
0.837171
0.238224
0.868948
0.730843
0.11798
0.710867
0.814746
0.199583
0.276854
0.864381
0.961464
0.350306
0.45763
0.196047
0.858191
0.744193
0.365342
0.628996
0.946524
0.778906
0.118026
0.896389
0.234365
0.471984
0.301668
0.585327
0.232003
0.52664
0.337103
0.402361
0.0494834
0.349101
0.554022
0.514331
0.289754
0.120751
0.748025
0.845511
0.0136851
0.307425
0.289457
0.312269
0.490889
0.138864
0.221613
0.444029
0.0433179
0.637054
0.737344
0.87877
0.254625
0.574558
0.504537
0.953034
0.451903
0.117026
0.119158
0.748307
0.189246
0.787544
0.56252
0.969655
0.555772
0.966059
0.712613
0.393163
0.647618
0.232585
0.791992
0.460169
0.413525
0.461061
0.823407
0.269962
0.510671
0.958913
0.500127
0.234055
0.437927
0.108913
0.645346
0.54595
0.578193
0.317607
0.25589
0.843121
0.940227
0.293982
0.659706
0.882659
0.241801
0.176309
0.324589
0.630668
0.463369
0.160096
0.530798
0.381605
0.978459
0.966219
0.917657
0.578313
0.300279
0.914627
0.351147
0.236982
0.2975
0.332749
0.925356
0.593531
0.730904
0.4075
0.867957
0.0832371
0.0909193
0.497559
0.721404
0.215151
0.676069
0.00405405
0.668794
0.231562
0.438121
0.492659
0.59823
0.559627
0.414756
0.622505
0.315721
0.528409
0.175759
0.530795
0.46729
0.636574
0.685032
0.464353
0.120151
0.513933
0.64547
0.217516
0.390144
0.911462
0.714815
0.777438
0.95107
0.302614
0.81395
0.854262
0.436907
0.825553
0.801836
0.234843
0.667791
0.190986
0.621599
0.404262
0.858727
0.40837
0.800906
0.883487
0.640318
0.502729
0.336991
0.718456
0.794488
0.755816
0.294348
0.254351
0.306094
0.780672
0.248525
0.300701
0.404057
0.776303
0.620673
0.607543
0.525588
0.36549
0.935379
0.0362795
0.391815
0.198914
0.792443
0.847278
0.714385
0.358838
0.746609
0.748071
0.512391
0.246941
0.976147
0.335711
0.915811
0.502741
0.624365
0.74073
0.184467
0.833286
0.955398
0.399373
0.156238
0.901275
0.42841
0.273657
0.0746162
0.467779
0.966712
0.824447
0.42931
0.2269
0.679032
0.724395
0.21985
0.533894
0.62644
0.629856
0.511489
0.0808116
0.0257423
0.822386
0.401299
0.679354
0.186152
0.914539
0.56063
0.40476
0.088347
0.311405
0.188434
0.652274
0.0266687
0.627496
0.0264935
0.185077
0.362992
0.0618957
0.656401
0.900852
0.854441
0.827338
0.559112
0.782769
0.400702
0.360625
0.356076
0.281296
0.476992
0.520771
0.0243187
0.982058
0.929944
0.125599
0.936698
0.598236
0.438092
0.340764
0.352623
0.0932749
0.97684
0.738672
0.931415
0.0718672
0.104909
0.901186
0.841961
0.142967
0.895945
0.663792
0.990904
0.984194
0.562244
0.447748
0.770652
0.77685
0.11495
0.941248
0.55495
0.428856
0.588122
0.157006
0.403295
0.872384
0.888465
0.935411
0.20332
0.842755
0.0936566
0.574401
0.639974
0.433598
0.925382
0.350238
0.153924
0.031736
0.682855
0.908566
0.87578
0.68245
0.960515
0.536752
0.584846
0.483587
0.644056
0.169713
0.10433
0.979553
0.952968
0.0949558
0.0956572
0.0411072
0.513612
0.385555
0.0836071
0.388643
0.0833672
0.254478
0.304884
0.217149
0.802643
0.237248
0.377564
0.96348
0.408075
0.119217
0.250793
0.102755
0.582068
0.48131
0.856339
0.0382068
0.773907
0.883247
0.494197
0.243444
0.235079
0.351713
0.998851
0.546373
0.917895
0.600266
0.503867
0.40823
0.739893
0.567275
0.704102
0.806238
0.781276
0.970202
0.148308
0.320806
0.576967
0.408441
0.334677
0.236778
0.00770112
0.249296
0.49316
0.326061
0.231262
0.644709
0.839483
0.703697
0.878747
0.79812
0.341944
0.0251857
0.410376
0.394805
0.873084
0.637147
0.368532
0.0612698
0.0590455
0.820941
0.130886
0.277174
0.707664
0.181958
0.300711
0.357977
0.801472
0.0101371
0.925341
0.289312
0.474122
0.483704
0.697653
0.0908854
0.527134
0.630998
0.883386
0.565725
0.313142
0.507957
0.204377
0.706053
0.420582
0.810488
0.643121
0.432459
0.205626
0.137306
0.0175046
0.811308
0.263537
0.113831
0.193076
0.202479
0.319812
0.0874915
0.0457892
0.637532
0.785977
0.891313
0.728664
0.449312
0.557289
0.468423
0.511041
0.375716
0.335804
0.963112
0.9753
0.668381
0.415362
0.987626
0.648947
0.51979
0.977515
0.499369
0.734837
0.553988
0.30833
0.0915499
0.995045
0.145382
0.445834
0.578523
0.525612
0.554208
0.138607
0.992994
0.938772
0.761355
0.410302
0.737688
0.975108
0.811963
0.885923
0.761455
0.77731
0.71998
0.951767
0.00368277
0.787319
0.162359
0.0987934
0.963713
0.319964
0.621661
0.042155
0.141709
0.51746
0.637152
0.638229
0.193768
0.414259
0.612656
0.0859107
0.934816
0.265217
0.626204
0.00506624
0.270327
0.202517
0.36294
0.744601
0.216801
0.524737
0.197544
0.485889
0.976555
0.144232
0.159994
0.7236
0.801675
0.755147
0.38607
0.863068
0.675722
0.656488
0.157594
0.218259
0.0797807
0.470859
0.51041
0.0953756
0.467973
0.0607554
0.226197
0.729606
0.149697
0.495916
0.00863719
0.779762
0.767594
0.43979
0.571609
0.067842
0.518612
0.992183
0.705237
0.583557
0.484366
0.458751
0.527971
0.0534925
0.0957113
0.744777
0.868052
0.527806
0.215395
0.698515
0.385714
0.682739
0.576167
0.621013
0.129326
0.617484
0.936986
0.551904
0.299139
0.625727
0.113246
0.295118
0.224154
0.883175
0.23205
0.335043
0.125056
0.377098
0.195281
0.934857
0.429059
0.932561
0.00203662
0.0859065
0.350186
0.587553
0.101202
0.39093
0.599456
0.104244
0.218163
0.0110023
0.669018
0.177514
0.020026
0.150755
0.558402
0.167302
0.27168
0.27122
0.575075
0.212054
0.286054
0.646424
0.683061
0.897539
0.844369
0.843918
0.0601041
0.1497
0.357055
0.863817
0.375519
0.328481
0.232916
0.234577
0.908654
0.845486
0.589243
0.174258
0.649496
0.939517
0.901072
0.976483
0.170376
0.589376
0.703895
0.980987
0.792974
0.378141
0.591055
0.407015
0.971982
0.204911
0.106702
0.000559948
0.144874
0.405853
0.0574416
0.918057
0.250239
0.960972
0.0844691
0.702407
0.188081
0.564176
0.075873
0.975785
0.11764
0.260077
0.833442
0.633956
0.0785674
0.759254
0.316433
0.963149
0.0803315
0.0538652
0.321939
0.372286
0.178041
0.710659
0.859591
0.698367
0.293679
0.0750217
0.845221
0.518881
0.679555
0.123866
0.045586
0.0871479
0.222143
0.355847
0.38792
0.150731
0.400259
0.124651
0.0549519
0.686828
0.299234
0.691799
0.735001
0.109079
0.279059
0.859042
0.00747196
0.111051
0.717803
0.847784
0.514776
0.137662
0.198926
0.108859
0.269072
0.555469
0.953546
0.19002
0.902603
0.516292
0.380116
0.2066
0.528316
0.378741
0.935639
0.546306
0.19341
0.395142
0.256652
0.000423832
0.759399
0.854117
0.0708258
0.8049
0.49931
0.0949745
0.0359937
0.226609
0.066539
0.219929
0.34864
0.806374
0.564569
0.827619
0.751252
0.749694
0.832459
0.400727
0.205529
0.443409
0.190992
0.971186
0.149355
0.7497
0.0433969
0.666563
0.260598
0.240551
0.617454
0.852109
0.370829
0.299078
0.175933
0.757904
0.452181
0.958666
0.548559
0.899155
0.0335908
0.100623
0.284182
0.303166
0.741381
0.563189
0.977821
0.536335
0.992997
0.638614
0.543992
0.0778236
0.503263
0.953878
0.463139
0.716645
0.97027
0.583463
0.983737
0.989494
0.873769
0.556276
0.230086
0.172837
0.865449
0.387298
0.860596
0.717932
0.0337455
0.162391
0.0932844
0.75263
0.483079
0.714252
0.959619
0.715677
0.499836
0.745979
0.241279
0.185302
0.156249
0.44307
0.579779
0.566424
0.911823
0.179302
0.755605
0.310674
0.195323
0.86659
0.939656
0.994358
0.486785
0.724016
0.761051
0.631056
0.94881
0.666262
0.544861
0.353178
0.043895
0.575426
0.541273
0.316208
0.497453
0.927795
0.639956
0.702323
0.857946
0.300396
0.244914
0.152386
0.0544526
0.827984
0.00278403
0.855999
0.904184
0.202687
0.334401
0.399351
0.593106
0.0034416
0.364289
0.891661
0.916016
0.062747
0.135985
0.0191947
0.728379
0.195875
0.42907
0.288056
0.853626
0.440427
0.385181
0.047475
0.0742732
0.212023
0.251252
0.737616
0.982389
0.599169
0.88335
0.808592
0.319056
0.724906
0.90842
0.0766163
0.647185
0.963414
0.518312
0.944193
0.863028
0.985102
0.141144
0.212888
0.746192
0.0901241
0.793317
0.173128
0.0167582
0.773233
0.700044
0.362443
0.0113142
0.886209
0.544051
0.231442
0.957865
0.155957
0.186628
0.728557
0.964375
0.736986
0.657607
0.980174
0.608105
0.631721
0.990393
0.0144162
0.803396
0.855801
0.151667
0.85691
0.855549
0.696093
0.933338
0.420391
0.714666
0.350998
0.569058
0.813511
0.465466
0.767816
0.312534
0.196798
0.72694
0.133172
0.760113
0.496172
0.0745381
0.749907
0.0913262
0.839613
0.600581
0.0122847
0.258886
0.944737
0.753712
0.0202911
0.34689
0.422565
0.749955
0.252454
0.498215
0.0965983
0.100079
0.0109073
0.893634
0.804767
0.588648
0.000901157
0.533063
0.585904
0.700543
0.543609
0.858466
0.816835
0.437356
0.997712
0.276021
0.995202
0.324839
0.659561
0.900418
0.975813
0.995075
0.840077
0.363341
0.673046
0.00528588
0.902698
0.108785
0.155935
0.581027
0.96153
0.720309
0.0916099
0.773845
0.297932
0.0741979
0.71551
0.296869
0.7071
0.209152
0.89852
0.810336
0.19842
0.990531
0.38408
0.0327403
0.381093
0.0593946
0.242758
0.693578
0.37138
0.109609
0.276582
0.181076
0.415425
0.305753
0.357413
0.425552
0.405003
0.946511
0.215559
0.0984367
0.274083
0.304095
0.882996
0.659627
0.0559934
0.37591
0.229774
0.363404
0.83938
0.810979
0.996835
0.924909
0.571813
0.0910046
0.567884
0.890122
0.745141
0.521934
0.94195
0.0686193
0.00185419
0.0271729
0.806638
0.860252
0.417018
0.235902
0.93736
0.0338381
0.492065
0.276227
0.324054
0.620066
0.405117
0.0578236
0.683239
0.927541
0.368878
0.31053
0.00868252
0.768633
0.640018
0.637276
0.59243
0.289185
0.785757
0.938319
0.973505
0.101591
0.793041
0.700548
0.529748
0.0763607
0.641894
0.033678
0.562786
0.453655
0.730963
0.230464
0.8191
0.205127
0.756606
0.373788
0.050865
0.060141
0.0586433
0.973464
0.571587
0.550053
0.548357
0.152276
0.674724
0.348296
0.320251
0.705322
0.960146
0.430713
0.0832422
0.654866
0.993175
0.186444
0.245879
0.372162
0.751552
0.97742
0.965692
0.196606
0.0244887
0.624731
0.624685
0.332361
0.989121
0.109437
0.954735
0.121556
0.52866
0.262623
0.25521
0.767161
0.0952276
0.332477
0.157744
0.091041
0.205779
0.633851
0.820274
0.230084
0.140175
0.494195
0.697646
0.259456
0.411375
0.0187389
0.239942
0.737566
0.615846
0.00824891
0.437477
0.202293
0.677056
0.886609
0.900769
0.353118
0.242842
0.0621318
0.156113
0.914314
0.349228
0.0674342
0.344084
0.091634
0.559052
0.836756
0.957291
0.446074
0.10321
0.016521
0.498154
0.633969
0.165072
0.831107
0.0490238
0.598249
0.376221
0.193753
0.234602
0.263981
0.27274
0.40012
0.285744
0.99721
0.215129
0.542702
0.4288
0.0534145
0.920147
0.263026
0.128623
0.240493
0.638321
0.889291
0.881154
0.492253
0.685401
0.490372
0.434467
0.927897
0.822006
0.729652
0.256703
0.687137
0.842544
0.104283
0.310968
0.314332
0.563742
0.235007
0.250822
0.315312
0.489416
0.291558
0.804533
0.658672
0.274105
0.841315
0.944251
0.374252
0.633941
0.352047
0.340875
0.266411
0.455091
0.716588
0.949633
0.925727
0.553616
0.641391
0.685104
0.216475
0.255408
0.329509
0.248933
0.117365
0.582336
0.23632
0.00562984
0.885485
0.393857
0.710561
0.251472
0.897735
0.0275911
0.407336
0.234246
0.132226
0.149199
0.521441
0.599596
0.270243
0.80456
0.64809
0.609145
0.0880465
0.791832
0.937706
0.267179
0.378729
0.133319
0.13869
0.0168015
0.883331
0.92958
0.0691065
0.454543
0.140154
0.140148
0.68626
0.373969
0.914881
0.708409
0.799938
0.968795
0.890234
0.511919
0.437474
0.288379
0.755281
0.474173
0.545786
0.521828
0.19554
0.156494
0.953793
0.281284
0.274805
0.201553
0.30622
0.393569
0.81672
0.379527
0.992765
0.437396
0.88031
0.472332
0.0624727
0.633586
0.953741
0.1291
0.390499
0.345833
0.776095
0.200483
0.370663
0.856389
0.282353
0.133776
0.75841
0.28812
0.0424171
0.765044
0.466694
0.704742
0.10921
0.568258
0.886194
0.860244
0.13648
0.289476
0.878794
0.482915
0.882164
0.357211
0.384163
0.0833692
0.326284
0.235408
0.704677
0.402526
0.320608
0.0156706
0.628071
0.109103
0.96697
0.80201
0.159206
0.34679
0.0992698
0.0542401
0.454605
0.573808
0.954029
0.77529
0.741383
0.118858
0.295453
0.956923
0.405958
0.254599
0.0809836
0.0865029
0.148814
0.17001
0.0704969
0.827377
0.596121
0.455417
0.445042
0.991595
0.336238
0.255341
0.981302
0.0743701
0.364013
0.949519
0.952691
0.610134
0.467616
0.158642
0.0292172
0.309334
0.102664
0.203931
0.74593
0.359573
0.382892
0.977609
0.975602
0.408175
0.31961
0.388974
0.830211
0.951313
0.165903
0.542547
0.210164
0.469668
0.429881
0.828885
0.696048
0.906101
0.262807
0.24472
0.771823
0.496472
0.790333
0.294276
0.0975301
0.67967
0.350809
0.140634
0.309887
0.89195
0.055703
0.15981
0.00926503
0.386512
0.648907
0.83135
0.246057
0.336102
0.48985
0.396299
0.0482078
0.29939
0.287645
0.134003
0.276756
0.646723
0.32495
0.323937
0.846812
0.801654
0.110621
0.985545
0.559293
0.0059169
0.72697
0.405972
0.997045
0.419855
0.459099
0.438821
0.423149
0.0566972
0.19413
0.885076
0.297336
0.366996
0.0642623
0.237481
0.848027
0.872087
0.657095
0.628051
0.303685
0.128713
0.222678
0.602321
0.113581
0.692975
0.756132
0.99054
0.177338
0.0335854
0.692097
0.0392095
0.828341
0.030188
0.483752
0.66859
0.43774
0.158103
0.223428
0.0235673
0.0222726
0.469249
0.996759
0.810335
0.301542
0.470097
0.800628
0.525423
0.521988
0.982542
0.206423
0.574439
0.507331
0.707245
0.290712
0.845173
0.287044
0.289814
0.546484
0.545216
0.511154
0.61621
0.852366
0.743791
0.945246
0.310252
0.707995
0.196473
0.966316
0.664955
0.974592
0.291164
0.344205
0.781704
0.377062
0.598735
0.910315
0.148768
0.169747
0.371747
0.937086
0.459883
0.110312
0.572872
0.795982
0.386668
0.897908
0.489757
0.885641
0.20267
0.193241
0.856205
0.0592621
0.509249
0.46878
0.817418
0.862388
0.798874
0.419856
0.129307
0.98638
0.987455
0.0102775
0.630159
0.651312
0.242061
0.473256
0.0917461
0.237116
0.602353
0.0551691
0.546106
0.122227
0.491484
0.405665
0.41107
0.155997
0.937586
0.370378
0.668468
0.877907
0.00262284
0.926176
0.519563
0.406218
0.648683
0.38465
0.951994
0.0572856
0.26621
0.381948
0.0963333
0.938454
0.634626
0.309258
0.495428
0.945828
0.568099
0.28094
0.99181
0.18638
0.35554
0.536228
0.500507
0.960408
0.768082
0.308098
0.467501
0.917933
0.815507
0.383856
0.376445
0.732231
0.753793
0.951583
0.684117
0.680155
0.0330179
0.409406
0.593415
0.0665791
0.42304
0.830924
0.225218
0.418348
0.673292
0.238197
0.429008
0.701802
0.911972
0.0426445
0.621274
0.880447
0.637898
0.927559
0.0447283
0.0978827
0.232202
0.267148
0.528153
0.896606
0.799232
0.824723
0.594558
0.298184
0.205314
0.08373
0.680612
0.266129
0.145357
0.235851
0.137527
0.719363
0.904403
0.290263
0.772894
0.465766
0.00566836
0.81413
0.274282
0.762569
0.759735
0.937008
0.500389
0.0885984
0.659208
0.819824
0.171168
0.217806
0.0420844
0.894772
0.224036
0.406007
0.805587
0.749584
0.10117
0.515042
0.114035
0.977927
0.76114
0.380617
0.466095
0.624046
0.396689
0.0204373
0.0368603
0.973327
0.55359
0.113585
0.264868
0.783331
0.594565
0.324201
0.93889
0.739605
0.301871
0.778081
0.390373
0.135606
0.127117
0.961979
0.532148
0.565018
0.666242
0.984354
0.811204
0.925111
0.43129
0.905043
0.773057
0.662877
0.507892
0.484153
0.389044
0.164767
0.41171
0.442412
0.423041
0.703925
0.780634
0.738668
0.451963
0.206785
0.929714
0.420435
0.996652
0.243705
0.201216
0.10375
0.883791
0.590489
0.571438
0.500332
0.753633
0.919963
0.348897
0.359312
0.970566
0.317964
0.386536
0.419722
0.341692
0.284186
0.513081
0.271827
0.333182
0.704754
0.292647
0.899784
0.736591
0.236706
0.924083
0.814907
0.832649
0.959273
0.310288
0.00551463
8.40971e-05
0.097612
0.616313
0.938787
0.258946
0.279661
0.569933
0.559023
0.686389
0.643619
0.0245492
0.787729
0.995162
0.480023
0.857718
0.202267
0.47039
0.13113
0.767681
0.311795
0.14753
0.0578943
0.42846
0.479229
0.31105
0.146761
0.705411
0.504628
0.448425
0.965828
0.226577
0.918788
0.0480644
0.60159
0.0740854
0.745992
0.430791
0.446747
0.783772
0.979699
0.670438
0.347499
0.348708
0.47899
0.583673
0.44514
0.566099
0.19757
0.601311
0.000186637
0.0466116
0.0346598
0.346666
0.526448
0.472741
0.890361
0.648482
0.0833817
0.551337
0.609475
0.909291
0.128523
0.612695
0.824557
0.753217
0.453758
0.638187
0.211525
0.0228542
0.00157874
0.0862991
0.116961
0.108845
0.931748
0.714836
0.81574
0.905277
0.0196734
0.521884
0.679071
0.961604
0.00737857
0.861319
0.693739
0.264861
0.126558
0.542451
0.94225
0.203158
0.971662
0.684836
0.90279
0.556004
0.701526
0.786375
0.957308
0.657178
0.0936838
0.040095
0.310661
0.180365
0.706952
0.775565
0.355465
0.769904
0.461945
0.950032
0.147271
0.196699
0.842068
0.191407
0.137003
0.485724
0.248408
0.959073
0.217611
0.537847
0.397716
0.251629
0.825925
0.253454
0.0560382
0.195736
0.811889
0.396246
0.84423
0.368175
0.141548
0.982299
0.00959016
0.0992313
0.776564
0.624502
0.831655
0.186768
0.401648
0.481359
0.85761
0.0435965
0.0957249
0.155026
0.858739
0.643368
0.861536
0.516906
0.319384
0.908089
0.61968
0.77569
0.684822
0.210343
0.631151
0.0388852
0.879735
0.46742
0.592022
0.545396
0.813307
0.18789
0.168869
0.17063
0.782002
0.813427
0.185201
0.307679
0.668891
0.782788
0.782144
0.79294
0.8422
0.0291645
0.16146
0.6653
0.781791
0.815901
0.122294
0.197475
0.86374
0.498475
0.638807
0.314647
0.453969
0.893806
0.125642
0.408199
0.617532
0.537963
0.559119
0.177761
0.763521
0.303374
0.813146
0.474005
0.710976
0.523003
0.274987
0.992878
0.252116
0.573018
0.166828
0.703589
0.83668
0.440786
0.865634
0.20388
0.370455
0.906707
0.278869
0.0228976
0.420589
0.833316
0.802366
0.363712
0.459496
0.658039
0.676351
0.223019
0.418626
0.425467
0.443917
0.713506
0.441991
0.32758
0.61734
0.137346
0.633003
0.119943
0.531235
0.101761
0.0555602
0.662555
0.998164
0.0308874
0.659453
0.521068
0.240918
0.261863
0.391998
0.393078
0.248618
0.315429
0.605039
0.172457
0.485078
0.597004
0.114303
0.173925
0.742022
0.620557
0.44309
0.702892
0.0609147
0.260746
0.964215
0.507763
0.517912
0.790314
0.244874
0.52211
0.611968
0.643876
0.470838
0.773514
0.0387316
0.256111
0.0365962
0.235484
0.0452385
0.890965
0.213063
0.0345215
0.874627
0.485523
0.547788
0.214261
0.897127
0.486729
0.788066
0.0485846
0.790413
0.0170333
0.236123
0.864272
0.944858
0.672375
0.983165
0.312731
0.327369
0.343758
0.0200607
0.264373
0.908335
0.234527
0.788893
0.920381
0.177475
0.978962
0.413309
0.322987
0.699166
0.00954292
0.323756
0.410391
0.886315
0.586473
0.354917
0.308646
0.337501
0.0150215
0.899528
0.475302
0.645977
0.88817
0.167495
0.918545
0.29377
0.805576
0.0610269
0.923585
0.230448
0.397019
0.407773
0.37038
0.718817
0.386169
0.200369
0.76266
0.339059
0.300589
0.20496
0.477351
0.625438
0.160002
0.646446
0.997904
0.181308
0.777374
0.874366
0.25275
0.996149
0.917879
0.426897
0.717171
0.598429
0.180739
0.277591
0.707556
0.308388
0.173892
0.88138
0.634897
0.0549321
0.692656
0.650359
0.316962
0.211358
0.361279
0.905443
0.656662
0.62577
0.852498
0.661844
0.164388
0.544643
0.440357
0.424016
0.846042
0.129636
0.0639401
0.523415
0.610061
0.587746
0.94637
0.649706
0.17429
0.118859
0.18228
0.113688
0.316957
0.0341701
0.170415
0.504821
0.188976
0.109553
0.0309144
0.618358
0.0339104
0.945026
0.557762
0.722363
0.173446
0.20789
0.352092
0.645872
0.694461
0.197893
0.739483
0.303252
0.576886
0.976212
0.549428
0.647612
0.617295
0.161381
0.84559
0.392619
0.089247
0.86754
0.642006
0.124834
0.159838
0.95808
0.927131
0.994464
0.327478
0.10804
0.857677
0.894558
0.558649
0.790763
0.70276
0.822344
0.0998901
0.841407
0.209763
0.981474
0.733571
0.917681
0.196611
0.410611
0.81593
0.648344
0.993861
0.146595
0.26694
0.799823
0.924815
0.351423
0.784775
0.0747605
0.460812
0.34614
0.0642291
0.305306
0.465932
0.96657
0.0462941
0.353144
0.379318
0.603281
0.403213
0.246614
0.195539
0.575739
0.878163
0.626944
0.903477
0.0707082
0.506328
0.939783
0.274779
0.0957306
0.989303
0.278727
0.755864
0.269075
0.978867
0.559388
0.663178
0.491812
0.327718
0.986343
0.0970761
0.0799581
0.184282
0.367582
0.553507
0.937054
0.0415334
0.364739
0.210904
0.592962
0.357512
0.365272
0.107728
0.015928
0.121169
0.586809
0.0541675
0.0303181
0.651115
0.472941
0.846443
0.0982677
0.754859
0.557727
0.631444
0.736977
0.43118
0.264062
0.312058
0.118769
0.48173
0.16341
0.999058
0.531035
0.935517
0.480208
0.891118
0.522476
0.0793737
0.282293
0.242884
0.529695
0.463485
0.663993
0.257104
0.947456
0.058712
0.585611
0.931011
0.433724
0.599923
0.427739
0.313676
0.579083
0.156329
0.9643
0.756336
0.425249
0.923763
0.803122
0.143871
0.901417
0.485251
0.211047
0.614806
0.0760479
0.203509
0.29233
0.77395
0.783212
0.00829269
0.347504
0.981656
0.452435
0.923414
0.472005
0.0588553
0.388925
0.310677
0.761771
0.347024
0.899979
0.979987
0.0466534
0.196142
0.0110657
0.756777
0.925357
0.00438563
0.6157
0.433241
0.392083
0.226543
0.0507341
0.324041
0.456074
0.303635
0.346305
0.730136
0.90531
0.357453
0.812204
0.897222
0.755554
0.35292
0.954456
0.746741
0.314097
0.0856202
0.746797
0.106419
0.447218
0.402125
0.753209
0.902495
0.434906
0.300836
0.990911
0.197383
0.896415
0.417279
0.612878
0.266141
0.271209
0.980908
0.462559
0.816059
0.55103
0.736706
0.751037
0.00960731
0.0890324
0.932052
0.391662
0.521055
0.996797
0.296227
0.666882
0.304197
0.518382
0.268766
0.583403
0.477802
0.723297
0.53726
0.816326
0.435715
0.562983
0.373696
0.973659
0.723974
0.167914
0.319847
0.581597
0.210528
0.520776
0.975377
0.138564
0.816674
0.288338
0.521335
0.308917
0.230281
0.784975
0.611903
0.875254
0.362009
0.373786
0.451696
0.130435
0.048696
0.464557
0.651863
0.364886
0.34273
0.998369
0.268409
0.0702753
0.431008
0.973478
0.342425
0.0714497
0.746768
0.890491
0.534889
0.219554
0.798668
0.712116
0.127793
0.676344
0.274393
0.683983
0.921959
0.307228
0.0743088
0.961486
0.0486495
0.888942
0.74292
0.954728
0.812835
0.0698082
0.291741
0.380489
0.319845
0.407362
0.713078
0.21892
0.205405
0.941926
0.127678
0.415436
0.789616
0.352648
0.773271
0.874438
0.618354
0.271357
0.684445
0.376225
0.111241
0.688138
0.786982
0.955687
0.738622
0.0826892
0.227283
0.00925549
0.171986
0.0713832
0.669854
0.889207
0.624471
0.801025
0.259654
0.985268
0.215686
0.705808
0.584744
0.180498
0.228576
0.930839
0.490728
0.671757
0.0733684
0.228204
0.428006
0.554328
0.562069
0.867041
0.154567
0.00653666
0.645839
0.635451
0.35071
0.952215
0.505867
0.836514
0.879441
0.424793
0.608499
0.956787
0.642668
0.995799
0.345382
0.909584
0.528604
0.684956
0.991116
0.882559
0.385284
0.611805
0.906689
0.332668
0.64234
0.781413
0.321237
0.691735
0.828439
0.809388
0.698923
0.386438
0.834045
0.771565
0.136417
0.788213
0.135764
0.485891
0.0299158
0.503215
0.680588
0.0211459
0.131173
0.298126
0.905078
0.528531
0.401466
0.838737
0.488881
0.123831
0.959742
0.693106
0.831573
0.757054
0.393654
0.229663
0.906454
0.986526
0.429626
0.952016
0.214695
0.776569
0.639418
0.17356
0.735265
0.303195
0.245667
0.103558
0.47405
0.302945
0.972364
0.401683
0.45138
0.860404
0.606175
0.833444
0.90564
0.818093
0.366366
0.281943
0.0651387
0.83861
0.743004
0.662299
0.225096
0.701663
0.712129
0.0467694
0.774387
0.873943
0.052866
0.433793
0.488991
0.323829
0.371586
0.0395438
0.262737
0.104076
0.466341
0.121069
0.778261
0.758965
0.333888
0.922902
0.231435
0.933527
0.139816
0.639088
0.108987
0.861974
0.0199227
0.117207
0.0511443
0.53596
0.988837
0.223765
0.507478
0.440954
0.0979794
0.620009
0.743989
0.561769
0.466128
0.837987
0.780196
0.0463106
0.28227
0.17494
0.830371
0.338074
0.342117
0.0767043
0.162244
0.708015
0.81416
0.1024
0.91362
0.566403
0.722307
0.202078
0.200615
0.550703
0.210811
0.65736
0.642872
0.127938
0.820421
0.31256
0.529397
0.146647
0.177427
0.468348
0.944575
0.953221
0.883414
0.437149
0.203334
0.625894
0.32802
0.174885
0.368558
0.0489196
0.0275727
0.0132912
0.656868
0.792398
0.543295
0.304039
0.891954
0.748998
0.238774
0.764089
0.237284
0.188312
0.354832
0.945831
0.961495
0.520138
0.118416
0.971289
0.302875
0.296591
0.393458
0.378107
0.50899
0.99213
0.224374
0.432814
0.768289
0.993184
0.40045
0.787475
0.217192
0.953684
0.120381
0.523883
0.740149
0.097331
0.852793
0.4434
0.956028
0.29678
0.139788
0.296274
0.604407
0.346853
0.774789
0.815047
0.214043
0.872807
0.576398
0.855605
0.0797862
0.804383
0.276742
0.861823
0.277042
0.828514
0.87203
0.839617
0.216936
0.76846
0.684573
0.633171
0.904959
0.105705
0.620248
0.605629
0.909234
0.194414
0.592157
0.194759
0.831088
0.732313
0.178252
0.806262
0.7543
0.93152
0.0268086
0.333957
0.346299
0.759039
0.67894
0.806759
0.86246
0.00309978
0.736182
0.50973
0.865709
0.2314
0.0554453
0.108128
0.500135
0.568637
0.0875722
0.428477
0.473625
0.533858
0.670468
0.239762
0.812033
0.260619
0.162227
0.332528
0.0429489
0.793243
0.22859
0.421528
0.428525
0.951279
0.37136
0.132441
0.644493
0.531728
0.113149
0.278097
0.52887
0.358763
0.748669
0.0615372
0.736956
0.576819
0.688453
0.49352
0.0935419
0.499648
0.70695
0.532804
0.170828
0.551514
0.306558
0.336838
0.0202952
0.665313
0.58158
0.813701
0.155908
0.306451
0.067382
0.768441
0.0536916
0.516688
0.600846
0.0738924
0.227953
0.548732
0.0788614
0.11262
0.4515
0.00345727
0.59618
0.94217
0.655129
0.221339
0.413742
0.717347
0.644466
0.292899
0.869689
0.105067
0.753167
0.531936
0.126621
0.393537
0.609814
0.656931
0.480846
0.485337
0.954112
0.266417
0.22401
0.693387
0.732669
0.0921728
0.738384
0.0588631
0.571617
0.838971
0.823871
0.523652
0.891072
0.182381
0.284013
0.389434
0.468788
0.512241
0.470535
0.902309
0.204754
0.25011
0.480631
0.438199
0.419258
0.874399
0.0482869
0.626856
0.340799
0.0753161
0.755218
0.550663
0.968083
0.765683
0.922766
0.293444
0.513132
0.66776
0.980665
0.84034
0.321679
0.160459
0.377915
0.493928
0.695718
0.468113
0.817496
0.549737
0.135863
0.542894
0.882989
0.861858
0.333228
0.699357
0.534384
0.294044
0.589463
0.303492
0.667686
0.852692
0.751461
0.124459
0.0879169
0.760335
0.430931
0.510704
0.866343
0.468152
0.583215
0.573311
0.650742
0.608941
0.394046
0.645674
0.72368
0.755251
0.568918
0.0385774
0.231017
0.780773
0.572888
0.188791
0.337574
0.206202
0.0373244
0.209761
0.193801
0.210915
0.966281
0.996818
0.0444631
0.457179
0.816309
0.203165
0.0492481
0.0727043
0.755825
0.0382068
0.363584
0.0698207
0.106883
0.310137
0.911536
0.742049
0.434632
0.637318
0.314546
0.746795
0.63529
0.451216
0.497013
0.452191
0.833063
0.567124
0.721672
0.564477
0.338984
0.71231
0.394326
0.932889
0.539157
0.401038
0.554885
0.574117
0.188812
0.0843324
0.158174
0.849229
0.231475
0.0436086
0.191551
0.135547
0.712672
0.640286
0.237536
0.955302
0.770242
0.249566
0.356779
0.26611
0.897666
0.719101
0.131722
0.63466
0.937682
0.553485
0.403252
0.905282
0.389286
0.221586
0.952754
0.251946
0.0237415
0.656315
0.4332
0.994803
0.642347
0.763443
0.456519
0.640394
0.889582
0.0807807
0.879567
0.430834
0.427431
0.218669
0.265924
0.517962
0.571563
0.954524
0.583092
0.788987
0.860793
0.307735
0.072205
0.136172
0.195531
0.715005
0.920235
0.172833
0.195756
0.0971243
0.802857
0.204689
0.0140189
0.930719
0.335168
0.900231
0.581188
0.677316
0.19386
0.70465
0.41798
0.664307
0.75624
0.109148
0.603935
0.00855514
0.812639
0.213218
0.263654
0.0647195
0.670721
0.532494
0.643338
0.364224
0.729172
0.832123
0.66352
0.946873
0.225932
0.724059
0.393264
0.869768
0.693964
0.305122
0.678333
0.562737
0.692946
0.527334
0.86486
0.720372
0.475421
0.136224
0.377492
0.931735
0.961542
0.459062
0.935018
0.0414658
0.171572
0.600138
0.146201
0.257861
0.166525
0.525042
0.985855
0.420632
0.326265
0.882956
0.0896818
0.221685
0.74762
0.54293
0.754818
0.793511
0.827123
0.60056
0.654191
0.986703
0.724105
0.850288
0.842631
0.385757
0.864609
0.398856
0.639529
0.0440745
0.349542
0.566217
0.8407
0.0897147
0.965368
0.921187
0.204847
0.446956
0.341284
0.933265
0.0578761
0.516127
0.684979
0.915276
0.98551
0.635216
0.495055
0.485423
0.0134215
0.563102
0.911554
0.505881
0.741693
0.892547
0.596484
0.804485
0.657548
0.967839
0.811505
0.414238
0.52928
0.917215
0.476745
0.0660752
0.639133
0.716728
0.205789
0.319593
0.422853
0.853387
0.240642
0.655052
0.348004
0.295524
0.385725
0.399184
0.826419
0.992556
0.79583
0.63138
0.721643
0.882043
0.326568
0.245924
0.930824
0.478941
0.291927
0.957175
0.560896
0.315978
0.567291
0.308711
0.531105
0.407641
0.531628
0.951868
0.961272
0.598303
0.208915
0.628774
0.258009
0.895967
0.634242
0.350427
0.285798
0.2357
0.314939
0.321535
0.963503
0.00315724
0.709449
0.0663809
0.374739
0.3757
0.35663
0.401726
0.89378
0.405503
0.746343
0.595487
0.376572
0.521701
0.869401
0.315966
0.359784
0.19697
0.402576
0.749472
0.726494
0.0349378
0.812339
0.020848
0.117216
0.430738
0.717334
0.338636
0.160996
0.218121
0.94753
0.860355
0.51285
0.391051
0.665301
0.18817
0.650184
0.977142
0.141095
0.00919168
0.709032
0.131435
0.828989
0.897797
0.970651
0.185881
0.376239
0.900108
0.196909
0.912573
0.257054
0.581915
0.866295
0.703148
0.406335
0.22968
0.642714
0.826027
0.850979
0.344675
0.881999
0.630103
0.479116
0.649491
0.194643
0.0586784
0.824841
0.720484
0.777673
0.528169
0.671866
0.327045
0.0449596
0.610546
0.761136
0.452258
0.525745
0.748136
0.605207
0.899751
0.56566
0.387515
0.321831
0.951884
0.76509
0.693863
0.223306
0.679183
0.0437277
0.553767
0.0431872
0.784678
0.737711
0.424804
0.49166
0.717631
0.66114
0.546676
0.301425
0.696826
0.367354
0.200923
0.289667
0.941684
0.218844
0.650806
0.0421345
0.647982
0.427355
0.282737
0.997476
0.526171
0.170348
0.350098
0.561763
0.262521
0.804499
0.629999
0.373427
0.14888
0.6072
0.122609
0.499211
0.300325
0.145975
0.404529
0.503242
0.745507
0.140201
0.546179
0.882406
0.940717
0.145697
0.388246
0.447355
0.715264
0.968145
0.0144752
0.535305
0.263453
0.884959
0.696852
0.90271
0.182313
0.572069
0.9699
0.910979
0.112069
0.268671
0.164046
0.454269
0.302969
0.0140257
0.26252
0.719654
0.273652
0.838259
0.368735
0.0615981
0.0948477
0.937351
0.602677
0.589043
0.547931
0.0630081
0.394832
0.533942
0.000496971
0.25397
0.674006
0.283341
0.68014
0.902633
0.775507
0.94187
0.282978
0.315545
0.268614
0.453224
0.368269
0.0403161
0.481737
0.104092
0.637834
0.71688
0.527127
0.637977
0.562051
0.476891
0.931777
0.755881
0.0323037
0.988752
0.138002
0.568949
0.565743
0.223618
0.944721
0.999816
0.0971013
0.293777
0.453233
0.886922
0.217063
0.427456
0.732609
0.736121
0.0878146
0.12371
0.133654
0.435181
0.230889
0.208491
0.914913
0.0282428
0.271442
0.0302036
0.373355
0.450042
0.196535
0.409601
0.224509
0.09109
0.353001
0.695378
0.311215
0.197985
0.403259
0.321304
0.501741
0.277192
0.931586
0.108342
0.0299239
0.153295
0.279717
0.133215
0.453594
0.77699
0.545925
0.8177
0.739117
0.505644
0.4421
0.341993
0.470232
0.244088
0.309921
0.169783
0.356042
0.211599
0.51954
0.792923
0.758155
0.920112
0.883722
0.056344
0.284528
0.623614
0.432939
0.151425
0.0473954
0.432969
0.838044
0.961297
0.0120129
0.270171
0.925036
0.912497
0.959467
0.233404
0.246383
0.24232
0.757968
0.56649
0.650695
0.0282595
0.023337
0.0964104
0.471966
0.532287
0.876841
0.0246669
0.942782
0.824862
0.243536
0.210878
0.348725
0.369692
0.833616
0.763466
0.012992
0.0318092
0.115847
0.402024
0.860049
0.587457
0.552415
0.795298
0.574386
0.474613
0.668477
0.987285
0.829219
0.188775
0.83194
0.667636
0.912054
0.462315
0.945967
0.173805
0.622486
0.223697
0.0932996
0.00109194
0.61608
0.542532
0.546438
0.751117
0.718165
0.146491
0.0963041
0.241518
0.305555
0.170066
0.0752319
0.492752
0.72972
0.156257
0.506438
0.907576
0.673868
0.0384098
0.0640557
0.235139
0.164661
0.520934
0.804533
0.638577
0.385826
0.865186
0.917406
0.0557461
0.150796
0.18095
0.73083
0.61747
0.849809
0.32704
0.456224
0.290264
0.567407
0.108849
0.43613
0.832198
0.331748
0.892784
0.319435
0.391364
0.146863
0.493729
0.339363
0.370854
0.477875
0.718072
0.471493
0.956019
0.824337
0.266219
0.971815
0.701563
0.720715
0.358608
0.929125
0.881904
0.730605
0.158631
0.945909
0.212392
0.119838
0.347644
0.55484
0.349679
0.155092
0.980919
0.156968
0.171023
0.951644
0.112945
0.234822
0.691151
0.703888
0.672757
0.151774
0.439689
0.653816
0.343486
0.234309
0.88324
0.0233699
0.34694
0.370715
0.818398
0.503829
0.445302
0.67663
0.448217
0.240075
0.426153
0.733233
0.169842
0.698039
0.861897
0.481889
0.519822
0.656001
0.234995
0.752658
0.191112
0.527018
0.390885
0.724646
0.171239
0.626505
0.579114
0.169569
0.1646
0.693925
0.297183
0.207947
0.0714317
0.74746
0.941255
0.828793
0.122955
0.0521605
0.535479
0.596451
0.0149731
0.0863127
0.623261
0.655535
0.612967
0.957888
0.274559
0.864925
0.582178
0.336072
0.60712
0.0229971
0.0973704
0.531347
0.140307
0.503965
0.278465
0.874737
0.752938
0.27637
0.519733
0.915806
0.643645
0.379389
0.612355
0.417301
0.44697
0.282964
0.922767
0.39863
0.369424
0.231748
0.850694
0.180268
0.780035
0.612877
0.906683
0.771979
0.0646767
0.547025
0.689671
0.972242
0.217503
0.272241
0.0109858
0.547105
0.258192
0.999706
0.210948
0.999014
0.553821
0.716246
0.74606
0.135784
0.0029652
0.0349823
0.813353
0.0183317
0.811916
0.0218476
0.0820636
0.13259
0.120353
0.215772
0.258294
0.681161
0.89295
0.0929045
0.820851
0.737061
0.278186
0.675733
0.422027
0.326463
0.419561
0.697631
0.405673
0.771218
0.136943
0.532401
0.447854
0.5334
0.484629
0.237575
0.264594
0.150326
0.657874
0.313122
0.59882
0.612678
0.0739527
0.917402
0.9721
0.993382
0.682766
0.12889
0.685983
0.268941
0.61744
0.998536
0.168229
0.13129
0.960734
0.850712
0.559736
0.521666
0.470262
0.593546
0.00905804
0.743634
0.842115
0.785672
0.289741
0.945882
0.59787
0.319852
0.018771
0.590975
0.896086
0.469037
0.209708
0.734529
0.0901283
0.687749
0.00291968
0.995273
0.529789
0.479577
0.45835
0.0813446
0.230805
0.720941
0.669061
0.809098
0.912994
0.319505
0.725848
0.395305
0.229429
0.145004
0.646721
0.431207
0.988158
0.815124
0.830114
0.349268
0.533862
0.0732306
0.991158
0.162015
0.93474
0.111763
0.469393
0.162571
0.205583
0.530814
0.524913
0.655219
0.383721
0.552824
0.930814
0.386622
0.590196
0.793922
0.0262502
0.499132
0.952047
0.6472
0.294258
0.0659246
0.835191
0.676674
0.616707
0.491161
0.828299
0.334397
0.0503141
0.197738
0.033098
0.0402601
0.119444
0.466144
0.192438
0.590337
0.732773
0.240178
0.331067
0.177067
0.215435
0.204355
0.464921
0.992017
0.130161
0.884014
0.350418
0.976737
0.0502254
0.847177
0.211449
0.905083
0.677443
0.0721774
0.340796
0.765634
0.714265
0.792674
0.337279
0.781663
0.0881469
0.0968244
0.0831412
0.568946
0.635611
0.798042
0.134804
0.456311
0.109916
0.68041
0.752385
0.809583
0.694618
0.938208
0.749687
0.665519
0.974313
0.135151
0.780986
0.0269539
0.756324
0.553583
0.00214638
0.767669
0.549412
0.12559
0.205567
0.440301
0.47701
0.906744
0.933445
0.585342
0.336707
0.115224
0.260262
0.0388949
0.322621
0.521433
0.945264
0.472252
0.981324
0.23875
0.953106
0.963365
0.770354
0.749013
0.295218
0.839282
0.395404
0.880729
0.557107
0.715207
0.358834
0.970014
0.430231
0.797371
0.939857
0.205752
0.406033
0.0257118
0.640521
0.998289
0.964629
0.827546
0.257333
0.44872
0.294219
0.590403
0.797859
0.44757
0.551331
0.356911
0.581446
0.567027
0.822857
0.173452
0.844953
0.772888
0.4995
0.499687
0.593074
0.0909785
0.84326
0.619042
0.605792
0.649927
0.966796
0.965788
0.0672735
0.510598
0.259624
0.634612
0.63552
0.434557
0.623205
0.00830911
0.886209
0.727806
0.23636
0.55044
0.992674
0.697363
0.80797
0.0996782
0.0977168
0.656809
0.305799
0.551935
0.47297
0.199009
0.602956
0.325359
0.374812
0.956321
0.380668
0.274657
0.911161
0.235591
0.700315
0.205283
0.993993
0.950658
0.652674
0.191809
0.78514
0.510795
0.724652
0.384444
0.539087
0.590852
0.347793
0.552535
0.504325
0.48148
0.231323
0.680657
0.947709
0.320438
0.69235
0.194368
0.446312
0.496333
0.407851
0.381969
0.0885485
0.369636
0.712261
0.770146
0.388516
0.724434
0.837668
0.471917
0.257609
0.250574
0.807298
0.756179
0.643835
0.926814
0.0274412
0.217485
0.782014
0.906267
0.600035
0.814988
0.399372
0.745872
0.428484
0.45306
0.929601
0.870028
0.704582
0.070426
0.279105
0.00270041
0.187028
0.0649033
0.808852
0.614374
0.45107
0.576051
0.308255
0.0246596
0.617037
0.829451
0.595338
0.493343
0.261158
0.0205323
0.252731
0.196412
0.558164
0.329026
0.649649
0.287056
0.0344253
0.481137
0.902496
0.890959
0.27538
0.21718
0.590424
0.55673
0.209161
0.712749
0.410317
0.29741
0.626334
0.933163
0.0774362
0.859752
0.377917
0.789579
0.685718
0.518916
0.222322
0.517207
0.0842188
0.499049
0.618852
0.900287
0.927997
0.519362
0.411204
0.218556
0.702
0.456106
0.994053
0.0263987
0.83326
0.0466253
0.0744365
0.974966
0.738716
0.383234
0.807369
0.424675
0.946771
0.62526
0.0160409
0.667578
0.135271
0.774747
0.720728
0.0788375
0.792879
0.158305
0.227453
0.020545
0.515741
0.562854
0.595295
0.545001
0.971187
0.0147594
0.366856
0.674747
0.660842
0.5381
0.834811
0.98194
0.109864
0.669594
0.962431
0.251127
0.909798
0.391681
0.783049
0.151184
0.142023
0.745282
0.539252
0.878836
0.191897
0.113757
0.432154
0.238961
0.845909
0.729283
0.419668
0.627464
0.110696
0.561604
0.228706
0.930039
0.86297
0.597557
0.709807
0.419408
0.553566
0.499861
0.00777649
0.850026
0.983315
0.260146
0.18629
0.380338
0.160342
0.923279
0.556604
0.501296
0.00161477
0.783763
0.654098
0.0721441
0.543116
0.938858
0.827761
0.181761
0.75971
0.270032
0.721948
0.604116
0.947141
0.572196
0.646746
0.205687
0.220502
0.348739
0.0771002
0.364766
0.408633
0.703282
0.425909
0.550212
0.440731
0.919842
0.33548
0.295085
0.689537
0.42556
0.315728
0.535622
0.932477
0.449983
0.885026
0.228322
0.0319623
0.16186
0.81342
0.585654
0.104519
0.149162
0.536106
0.590711
0.110145
0.135183
0.565026
0.870829
0.594304
0.416239
0.363852
0.133062
0.833035
0.563562
0.921661
0.516999
0.274379
0.0849899
0.806028
0.171245
0.217985
0.313186
0.958801
0.997033
0.823928
0.536202
0.309751
0.300598
0.0285684
0.515725
0.684706
0.836801
0.376169
0.084113
0.082203
0.672657
0.354989
0.366619
0.205895
0.930597
0.0554851
0.90844
0.710139
0.441236
0.893148
0.323749
0.488609
0.768129
0.605365
0.51021
0.694318
0.442149
0.749104
0.513246
0.0854363
0.447918
0.786475
0.129514
0.497949
0.611822
0.975301
0.158916
0.0250543
0.0340324
0.663754
0.211028
0.843618
0.447497
0.0236444
0.115077
0.526653
0.894777
0.846614
0.972328
0.836249
0.538382
0.150015
0.710882
0.304907
0.571295
0.455758
0.357951
0.940436
0.275315
0.594266
0.807814
0.974934
0.0105519
0.0855632
0.924837
0.93228
0.821564
0.950492
0.428289
0.821973
0.468402
0.587971
0.923843
0.104239
0.99938
0.15447
0.497156
0.983497
0.36065
0.659178
0.968979
0.745912
0.99854
0.703514
0.429702
0.502854
0.069401
0.216849
0.120003
0.0948615
0.695968
0.4169
0.65046
0.287019
0.427171
0.857864
0.0740876
0.806202
0.981175
0.790025
0.601351
0.264289
0.281809
0.131218
0.16535
0.939953
0.29534
0.637457
0.994535
0.953727
0.835284
0.377536
0.53127
0.528704
0.957511
0.596731
0.811008
0.961405
0.0791643
0.48745
0.892069
0.491261
0.714029
0.822362
0.372655
0.171958
0.316047
0.62404
0.909821
0.774553
0.432372
0.82949
0.906296
0.182468
0.397753
0.00527423
0.431068
0.285189
0.765613
0.227724
0.383097
0.345625
0.209621
0.46953
0.706095
0.322022
0.388644
0.64526
0.362608
0.352953
0.171645
0.629432
0.410124
0.860362
0.822697
0.384055
0.857308
0.136788
0.377351
0.980518
0.654624
0.12674
0.907366
0.341279
0.286139
0.75965
0.13275
0.744036
0.744203
0.139473
0.0215508
0.51896
0.060256
0.183172
0.696269
0.819494
0.512255
0.605071
0.23909
0.718694
0.951327
0.0420976
0.344075
0.904266
0.666214
0.580282
0.68132
0.872399
0.139485
0.824184
0.554797
0.133946
0.664057
0.0227253
0.933553
0.0337245
0.466479
0.270796
0.788964
0.898318
0.00677359
0.472881
0.134764
0.132015
0.696178
0.354105
0.456282
0.941498
0.0970256
0.584884
0.0299317
0.901988
0.0405298
0.871723
0.22369
0.418585
0.776123
0.687167
0.660025
0.41963
0.412233
0.237918
0.54453
0.245018
0.153684
0.048626
0.677525
0.149822
0.557249
0.173821
0.876088
0.917957
0.670691
0.895893
0.216346
0.155604
0.0612934
0.854131
0.905846
0.148216
0.29749
0.645381
0.629955
0.316926
0.901761
0.397646
0.770487
0.536045
0.971963
0.875114
0.0730518
0.528758
0.624419
0.935164
0.657803
0.348092
0.418721
0.427347
0.272849
0.695218
0.244306
0.954508
0.984389
0.344856
0.94418
0.70414
0.494009
0.332432
0.569979
0.223107
0.0578786
0.275411
0.712295
0.982327
0.0031664
0.269806
0.777431
0.510059
0.126087
0.787875
0.120864
0.0171045
0.935949
0.139364
0.0242429
0.937097
0.4558
0.47684
0.0980034
0.54875
0.82882
0.940816
0.918934
0.0988772
0.938033
0.472547
0.165957
0.170093
0.868692
0.960202
0.382209
0.058705
0.891444
0.0374565
0.67701
0.709647
0.470158
0.493221
0.753116
0.680706
0.0785339
0.95184
0.729152
0.0116485
0.381976
0.0992221
0.146221
0.0748933
0.447926
0.487593
0.783314
0.730938
0.0643009
0.941341
0.497164
0.894258
0.27338
0.75423
0.190053
0.0503353
0.992346
0.757189
0.995713
0.027464
0.123467
0.986111
0.830066
0.175037
0.359518
0.672178
0.890294
0.909209
0.890792
0.334162
0.756698
0.881332
0.515334
0.868534
0.0611136
0.370181
0.975242
0.286142
0.244117
0.651207
0.150957
0.663437
0.110635
0.989083
0.638334
0.00847672
0.699718
0.32853
0.767236
0.656129
0.727053
0.669692
0.777034
0.00403133
0.62968
0.210527
0.104498
0.498639
0.852427
0.200183
0.548781
0.0735104
0.176205
0.616306
0.974225
0.830122
0.285907
0.689325
0.73792
0.485251
0.833332
0.962445
0.480006
0.00286048
0.115849
0.121994
0.268075
0.786332
0.672567
0.629177
0.449599
0.0970765
0.462477
0.112575
0.0557627
0.143497
0.164128
0.51371
0.844754
0.481826
0.0891382
0.130242
0.569507
0.0161633
0.542457
0.294452
0.0397539
0.564082
0.663571
0.940145
0.741559
0.320221
0.221807
0.481444
0.281942
0.502836
0.900497
0.835154
0.453472
0.973368
0.116572
0.835394
0.0372134
0.644712
0.814573
0.199437
0.429862
0.594154
0.464445
0.897163
0.118933
0.792405
0.900686
0.151204
0.604152
0.843067
0.506898
0.193794
0.38008
0.826434
0.68286
0.708535
0.0549458
0.795716
0.908046
0.824224
0.533205
0.422026
0.263816
0.0894664
0.0984987
0.485035
0.887505
0.612394
0.667257
0.821579
0.406257
0.940454
0.819976
0.179532
0.78965
0.957856
0.6416
0.756144
0.797366
0.923597
0.660502
0.111095
0.20598
0.92869
0.669556
0.0818523
0.999763
0.39284
0.58291
0.625113
0.696583
0.893673
0.489391
0.207698
0.364984
0.668018
0.242471
0.383519
0.512793
0.0471686
0.382499
0.61791
0.700602
0.670434
0.83912
0.00901626
0.563121
0.858748
0.611266
0.714972
0.142457
0.817671
0.552591
0.708532
0.125038
0.0454919
0.49194
0.162544
0.414986
0.0384558
0.460925
0.471578
0.731857
0.723282
0.954361
0.671504
0.676605
0.963917
0.891581
0.377442
0.92777
0.457373
0.749878
0.0206017
0.661485
0.599943
0.530303
0.137841
0.561667
0.0097321
0.829249
0.339936
0.168711
0.951186
0.802574
0.836476
0.877039
0.734015
0.327955
0.540702
0.816799
0.479224
0.979688
0.795464
0.27878
0.898998
0.75727
0.946494
0.0508934
0.837884
0.0081126
0.350833
0.69881
0.0622417
0.248495
0.982584
0.164684
0.874314
0.407
0.869579
0.202626
0.909705
0.434373
0.473498
0.687627
0.339252
0.174447
0.476613
0.334698
0.238032
0.170348
0.9336
0.202964
0.0789075
0.26045
0.856428
0.838316
0.136293
0.499227
0.905702
0.522888
0.975248
0.476016
0.807152
0.778257
0.733512
0.989684
0.0138593
0.316146
0.48835
0.819276
0.0526812
0.037377
0.241805
0.808789
0.571578
0.692718
0.388846
0.0581398
0.0708415
0.00955308
0.291027
0.225072
0.213646
0.715176
0.964871
0.936958
0.971426
0.47475
0.12088
0.681811
0.542512
0.698341
0.19616
0.42735
0.971067
0.360179
0.126758
0.989444
0.995389
0.287277
0.136207
0.907033
0.601455
0.999407
0.815651
0.333953
0.083558
0.891999
0.472745
0.634054
0.0947659
0.325339
0.343521
0.698921
0.0365829
0.521844
0.0241207
0.345772
0.0231139
0.414858
0.0755877
0.569967
0.945884
0.0188786
0.0175867
0.1075
0.81738
0.0676285
0.972621
0.978643
0.101197
0.758993
0.915016
0.360649
0.812466
0.0196119
0.233186
0.824079
0.295321
0.587911
0.148283
0.784216
0.630039
0.117528
0.724984
0.727481
0.127336
0.063241
0.00228794
0.857206
0.752304
0.0485419
0.381336
0.199627
0.570788
0.479034
0.596822
0.303694
0.599143
0.858479
0.717576
0.126897
0.657933
0.582399
0.185724
0.421472
0.601762
0.431513
0.385012
0.248537
0.182824
0.548906
0.796763
0.811983
0.710737
0.49315
0.952973
0.955151
0.248589
0.659053
0.201757
0.771066
0.255766
0.353195
0.345664
0.549806
0.828867
0.266972
0.088134
0.808979
0.405382
0.726717
0.30402
0.791351
0.363102
0.455537
0.829922
0.620968
0.122349
0.597038
0.121638
0.686025
0.750864
0.550602
0.713445
0.0134855
0.0353314
0.262421
0.327509
0.700141
0.459695
0.498994
0.245464
0.973776
0.737537
0.327079
0.0947208
0.265669
0.156541
0.288693
0.340794
0.214818
0.349368
0.656723
0.64348
0.955713
0.283783
0.575603
0.151362
0.294175
0.12405
0.558149
0.319383
0.984432
0.933516
0.458848
0.748317
0.253149
0.0460255
0.901076
0.982442
0.843626
0.349246
0.175611
0.70402
0.691839
0.991995
0.631113
0.670945
0.572298
0.195659
0.355858
0.65214
0.142683
0.0579095
0.0424981
0.056743
0.634073
0.159768
0.510772
0.0715667
0.806792
0.995596
0.50675
0.746208
0.947595
0.951549
0.33077
0.0215676
0.817218
0.867017
0.00747028
0.412107
0.941353
0.0433676
0.823632
0.322695
0.360592
0.235832
0.146506
0.68168
0.301691
0.971953
0.117908
0.845046
0.122963
0.954314
0.695654
0.773743
0.266685
0.447982
0.205367
0.0952554
0.798832
0.311134
0.500856
0.719863
0.366279
0.221638
0.362683
0.779927
0.16421
0.616678
0.713926
0.94449
0.984391
0.838706
0.211336
0.336431
0.0792905
0.398774
0.954886
0.76778
0.454237
0.156768
0.33406
0.712688
0.30592
0.963424
0.956918
0.485417
0.799646
0.957145
0.092028
0.926001
0.359855
0.295927
0.616396
0.198585
0.0542511
0.285136
0.719413
0.721981
0.698245
0.856498
0.665239
0.675718
0.146756
0.500675
0.785422
0.100564
0.696209
0.246809
0.627697
0.158688
0.859087
0.756262
0.227669
0.136496
0.141538
0.887027
0.885763
0.661732
0.628391
0.142185
0.420356
0.109424
0.988896
0.409759
0.750142
0.54738
0.0019106
0.123936
0.458955
0.664637
0.251136
0.969733
0.417908
0.179521
0.481669
0.0152038
0.845855
0.894063
0.291741
0.551653
0.233999
0.119608
0.969144
0.114634
0.495664
0.481053
0.324957
0.203422
0.735225
0.134844
0.112126
0.925425
0.704767
0.809507
0.338918
0.874542
0.351177
0.749598
0.267804
0.605133
0.385954
0.600279
0.643171
0.185099
0.11086
0.87462
0.4806
0.248143
0.79385
0.161353
0.530097
0.739591
0.761929
0.0779639
0.669856
0.00150663
0.734457
0.68628
0.126568
0.316419
0.062052
0.31843
0.353334
0.992537
0.209158
0.272229
0.852274
0.875216
0.645182
0.365385
0.732782
0.495393
0.280988
0.866395
0.796125
0.29965
0.821241
0.0347415
0.731037
0.883264
0.785526
0.878364
0.334922
0.233335
0.0232606
0.659651
0.153528
0.974872
0.771064
0.188402
0.602759
0.722962
0.443448
0.749954
0.322921
0.905917
0.11278
0.082605
0.171774
0.848346
0.175116
0.984867
0.425662
0.114507
0.0754637
0.274203
0.336968
0.378456
0.355883
0.0467987
0.93254
0.781851
0.537853
0.00800962
0.772162
0.59708
0.446898
0.462845
0.532393
0.0299233
0.5284
0.425469
0.382755
0.144502
0.333131
0.875277
0.94578
0.646221
0.631623
0.642814
0.261222
0.0688573
0.314986
0.0083526
0.475901
0.793913
0.720956
0.0482667
0.900201
0.198796
0.475271
0.998992
0.0110592
0.0743282
0.350932
0.405068
0.323062
0.731332
0.07423
0.0466763
0.606293
0.287936
0.656321
0.934131
0.174121
0.53933
0.697535
0.875996
0.584174
0.35478
0.712159
0.850953
0.641638
0.342841
0.749181
0.925769
0.727315
0.564783
0.146376
0.884164
0.732743
0.548625
0.911502
0.577353
0.704638
0.438601
0.532027
0.592543
0.211635
0.269031
0.611544
0.348428
0.25562
0.486075
0.713465
0.683274
0.334315
0.101585
0.415607
0.985255
0.409599
0.186851
0.488748
0.029304
0.112866
0.559837
0.0869334
0.411792
0.187297
0.123297
0.31897
0.150104
0.399919
0.302385
0.930739
0.876602
0.492945
0.819342
0.736548
0.147474
0.902854
0.410517
0.0548607
0.443203
0.270667
0.646858
0.996282
0.811993
0.266551
0.080613
0.687587
0.217081
0.89279
0.974442
0.524667
0.316929
0.999661
0.366915
0.547756
0.292775
0.083161
0.724304
0.234025
0.925833
0.241742
0.454051
0.523272
0.662357
0.0373628
0.0881126
0.335711
0.969968
0.741717
0.663987
0.366121
0.900853
0.495666
0.112145
0.778069
0.839558
0.00905577
0.673112
0.141091
0.740432
0.556499
0.633752
0.104491
0.100675
0.977563
0.959212
0.587801
0.219298
0.0511888
0.203694
0.975719
0.906226
0.79206
0.0719651
0.357416
0.75736
0.437152
0.504111
0.879203
0.0434551
0.509791
0.560946
0.442914
0.352198
0.206211
0.398411
0.90689
0.859644
0.772214
0.690393
0.0761994
0.414462
0.146769
0.259093
0.17271
0.195309
0.108539
0.0523086
0.28929
0.382932
0.551327
0.60838
0.859518
0.757286
0.15516
0.797216
0.143646
0.186786
0.258731
0.0210094
0.00636351
0.893042
0.496114
0.314226
0.0416892
0.552352
0.75184
0.226778
0.365198
0.934703
0.242287
0.943777
0.521924
0.362429
0.818117
0.180808
0.491664
0.183801
0.00133863
0.75425
0.0689709
0.883393
0.427325
0.118245
0.958328
0.0176714
0.980336
0.443262
0.379854
0.799394
0.869196
0.0873704
0.441365
0.766651
0.197576
0.512977
0.614315
0.384512
0.793206
0.0949788
0.245442
0.145065
0.184034
0.0805201
0.182492
0.295739
0.608083
0.677047
0.615068
0.463822
0.832639
0.27417
0.585482
0.722455
0.743109
0.563263
0.000366551
0.517303
0.531046
0.921352
0.327857
0.413079
0.30943
0.734788
0.344
0.399743
0.143559
0.556607
0.380744
0.202293
0.698031
0.528783
0.830317
0.269657
0.989645
0.89862
0.65683
0.891395
0.98638
0.37966
0.229199
0.197214
0.0245425
0.919203
0.569758
0.437458
0.655176
0.0499152
0.277194
0.313809
0.917501
0.738814
0.381595
0.917777
0.281718
0.255799
0.281068
0.402729
0.697115
0.695521
0.0700043
0.655923
0.0543173
0.987984
0.582776
0.261036
0.0795567
0.889564
0.320702
0.271607
0.498514
0.176055
0.257409
0.5248
0.3154
0.54905
0.59109
0.319423
0.445223
0.613533
0.313916
0.115494
0.644472
0.451537
0.989217
0.922593
0.694193
0.999617
0.980718
0.855597
0.17483
0.744454
0.609335
0.958318
0.0897661
0.728976
0.324498
0.658465
0.413117
0.539903
0.0628355
0.351799
0.752383
0.75325
0.702272
0.374244
0.452555
0.393682
0.592273
0.545586
0.423665
0.976935
0.371895
0.651871
0.957988
0.25495
0.188545
0.761633
0.422677
0.292009
0.786606
0.57445
0.1041
0.275354
0.94624
0.167625
0.668804
0.43619
0.65598
0.56799
0.622173
0.246328
0.142776
0.662205
0.266019
0.562792
0.556573
0.720697
0.044725
0.652811
0.907821
0.989404
0.189143
0.715216
0.973656
0.866499
0.263996
0.953587
0.0382495
0.243212
0.18007
0.37783
3.09186e-05
0.539983
0.215209
0.943966
0.188315
0.820333
0.179026
0.115288
0.999657
0.221402
0.00459209
0.154935
0.336494
0.272264
0.289014
0.868402
0.592401
0.891799
0.380776
0.390812
0.973644
0.924582
0.520951
0.779699
0.00552712
0.0734004
0.765289
0.233997
0.320755
0.0772765
0.872234
0.920607
0.908521
0.483678
0.327643
0.710685
0.607688
0.152788
0.260098
0.0961246
0.407391
0.512728
0.271329
0.372303
0.808971
0.948725
0.0865306
0.752848
0.932693
0.616973
0.136687
0.643773
0.173599
0.516279
0.0876881
0.524754
0.316903
0.292694
0.141467
0.327337
0.977533
0.77414
0.430221
0.0576119
0.907216
0.796313
0.612837
0.164888
0.711506
0.46768
0.390017
0.980851
0.727001
0.833054
0.314367
0.55477
0.739478
0.873767
0.368443
0.812355
0.136285
0.714724
0.0658188
0.67851
0.792691
0.998079
0.659607
0.293809
0.996084
0.985005
0.104706
0.827034
0.259128
0.0193058
0.00362804
0.388419
0.288186
0.0881816
0.917096
0.348237
0.336688
0.243771
0.118245
0.781057
0.218124
0.937657
0.294036
0.385846
0.814784
0.134466
0.429057
0.246666
0.0221823
0.594028
0.302178
0.278965
0.775463
0.469674
0.745424
0.334334
0.394762
0.386562
0.918958
0.53505
0.630052
0.127878
0.593498
0.787686
0.652872
0.456075
0.367053
0.497468
0.874174
0.864158
0.416247
0.567836
0.246453
0.909055
0.518507
0.141272
0.171649
0.887065
0.749209
0.817162
0.419816
0.00348567
0.850973
0.0241214
0.161521
0.97902
0.718996
0.380886
0.252719
0.920523
0.416657
0.94348
0.913703
0.764327
0.978036
0.556097
0.471121
0.187982
0.502756
0.91075
0.685476
0.410096
0.405781
0.065926
0.431381
0.154327
0.760374
0.440507
0.002361
0.453152
0.313674
0.724556
0.442648
0.367106
0.882424
0.427104
0.805074
0.141655
0.180362
0.645333
0.923004
0.24963
0.779584
0.102914
0.973235
0.405696
0.520569
0.324097
0.584611
0.119387
0.47167
0.5017
0.694445
0.258916
0.257143
0.414714
0.691044
0.00555802
0.391785
0.0910403
0.682688
0.57585
0.066118
0.157529
0.690773
0.986205
0.547806
0.691831
0.459641
0.204201
0.756968
0.732859
0.443086
0.668593
0.86608
0.258538
0.468258
0.0827057
0.547888
0.054321
0.256688
0.5276
0.610075
0.903173
0.34002
0.030525
0.667798
0.636976
0.728717
0.0922845
0.686944
0.1537
0.460047
0.257684
0.978693
0.320626
0.474153
0.49834
0.932418
0.89549
0.240269
0.993493
0.66395
0.895631
0.405937
0.683075
0.2518
0.401245
0.362334
0.751719
0.478037
0.0187214
0.63823
0.849886
0.969876
0.849538
0.197772
0.208847
0.604149
0.105652
0.913279
0.194275
0.423551
0.082426
0.677719
0.091873
0.0786263
0.437123
0.125132
0.703026
0.621823
0.50602
0.268422
0.117431
0.436485
0.599226
0.955229
0.369768
0.712111
0.247465
0.437851
0.380841
0.900274
0.0659562
0.0590936
0.049784
0.381099
0.176342
0.424462
0.933469
0.884906
0.760743
0.814131
0.597306
0.490848
0.0537234
0.910516
0.907599
0.933765
0.889
0.259844
0.115598
0.251044
0.367306
0.296121
0.603408
0.0312485
0.0697472
0.530664
0.529391
0.999203
0.249368
0.143438
0.252642
0.0242881
0.661121
0.845025
0.909702
0.583901
0.415333
0.643686
0.481374
0.796094
0.660609
0.464894
0.07981
0.167793
0.180564
0.203808
0.871336
0.944962
0.790966
0.470064
0.498074
0.59059
0.321963
0.902339
0.399013
0.256999
0.730547
0.419659
0.858519
0.328791
0.906027
0.911512
0.407747
0.00655798
0.61411
0.717614
0.310774
0.484641
0.629236
0.0189791
0.881139
0.637674
0.135229
0.587729
0.556999
0.603375
0.771471
0.398149
0.725293
0.65283
0.802332
0.878627
0.515605
0.551328
0.140355
0.554285
0.990561
0.167996
0.734518
0.162725
0.259624
0.119955
0.423239
0.218891
0.0927122
0.601059
0.195442
0.646564
0.435177
0.364822
0.608474
0.514865
0.270894
0.77737
0.151354
0.601842
0.0674726
0.0797149
0.0180303
0.560834
0.789218
0.810131
0.500826
0.612089
0.832397
0.968321
0.80776
0.0300307
0.470432
0.473356
0.0524971
0.267527
0.24251
0.336444
0.0465191
0.528638
0.0102641
0.992118
0.993636
0.242152
0.564851
0.586499
0.335692
0.248242
0.0809722
0.381022
0.487616
0.464281
0.799292
0.711735
0.818759
0.976876
0.178434
0.193633
0.649975
0.592247
0.221464
0.426594
0.79304
0.323294
0.681482
0.495887
0.4002
0.934139
0.62558
0.716286
0.451401
0.686057
0.623115
0.75054
0.465847
0.129517
0.854678
0.657752
0.285713
0.715049
0.994213
0.103499
0.546421
0.955056
0.114781
0.744646
0.982857
0.623138
0.504517
0.294874
0.621191
0.794689
0.609978
0.399756
0.867847
0.661166
0.591595
0.742134
0.138819
0.380554
0.553405
0.0840157
0.352395
0.810715
0.239948
0.53363
0.330501
0.551007
0.367325
0.393988
0.271022
0.650893
0.60603
0.966557
0.657602
0.30442
0.349548
0.160856
0.670803
0.603344
0.0113831
0.569022
0.585376
0.0265044
0.396692
0.357822
0.748702
0.452711
0.262529
0.106746
0.0224875
0.468804
0.448932
0.789562
0.736431
0.633993
0.243561
0.435357
0.0793186
0.712153
0.680753
0.664259
0.606203
0.312283
0.247751
0.00884514
0.827496
0.200657
0.112222
0.559305
0.95502
0.444589
0.391033
0.402303
0.717863
0.240537
0.684578
0.327489
0.229735
0.347256
0.174053
0.901607
0.473365
0.0891027
0.630872
0.371932
0.158961
0.415288
0.445114
0.663682
0.827598
0.750091
0.139544
0.396722
0.335504
0.291268
0.273496
0.639741
0.00186073
0.973865
0.621846
0.796795
0.317419
0.953771
0.512286
0.293325
0.604786
0.161964
0.608105
0.632422
0.265665
0.92278
0.395017
0.520913
0.118355
0.627501
0.660883
0.995413
0.965701
0.440246
0.238329
0.469623
0.0711531
0.667907
0.745786
0.688901
0.114156
0.881643
0.320106
0.94236
0.3223
0.0734103
0.0465752
0.372693
0.677215
0.476035
0.493848
0.350839
0.964007
0.311633
0.994141
0.876385
0.241969
0.337245
0.437109
0.51697
0.943259
0.0275038
0.256408
0.949586
0.906259
0.0799039
0.379581
0.546831
0.862709
0.622852
0.667803
0.982269
0.323783
0.896915
0.386812
0.100648
0.293623
0.417456
0.237296
0.41853
0.862245
0.701748
0.764888
0.184207
0.826786
0.621934
0.857997
0.378676
0.6682
0.172809
0.288409
0.0205087
0.588262
0.800267
0.394509
0.209967
0.828892
0.297439
0.747484
0.119644
0.320969
0.936981
0.0196597
0.933029
0.922141
0.451318
0.927437
0.772293
0.976607
0.530126
0.290659
0.0906557
0.48874
0.189478
0.972864
0.459356
0.591887
0.805259
0.098847
0.43811
0.172265
0.0870871
0.0469437
0.545244
0.867036
0.197335
0.500827
0.558732
0.473695
0.668118
0.552672
0.980357
0.62159
0.287652
0.800664
0.746619
0.981478
0.113815
0.458722
0.936005
0.527508
0.359011
0.304027
0.352506
0.988997
0.730427
0.439945
0.658254
0.187655
0.643331
0.589063
0.912604
0.177809
0.905043
0.790644
0.604758
0.619645
0.0494641
0.524127
0.463022
0.680941
0.816829
0.0194748
0.780275
0.463604
0.0396457
0.590844
0.973728
0.774094
0.464234
0.441995
0.119575
0.246284
0.980148
0.602008
0.223827
0.173527
0.817355
0.681452
0.663715
0.326381
0.554776
0.18935
0.581736
0.953399
0.413605
0.00875824
0.107957
0.598678
0.0781811
0.428496
0.371113
0.013747
0.304108
0.178943
0.897764
0.501746
0.252262
0.713859
0.457172
0.0904834
0.128999
0.261155
0.815607
0.863959
0.36485
0.807074
0.984227
0.827774
0.145227
0.615209
0.884648
0.658864
0.821118
0.745741
0.683743
0.59089
0.214585
0.0414186
0.356838
0.772281
0.822696
0.590324
0.370986
0.33849
0.349947
0.542396
0.567741
0.0619383
0.261106
0.878233
0.375689
0.668206
0.262706
0.121269
0.558123
0.069318
0.419307
0.388395
0.0121041
0.76003
0.74101
0.0923807
0.157985
0.509262
0.976218
0.0247062
0.253917
0.333233
0.627855
0.131416
0.106905
0.018957
0.990825
0.425812
0.54664
0.470536
0.210108
0.204442
0.444901
0.259109
0.716911
0.0853608
0.534421
0.405791
0.620501
0.882013
0.301818
0.154894
0.451448
0.702712
0.519747
0.792207
0.0893081
0.939397
0.792719
0.933392
0.380243
0.235683
0.167844
0.224541
0.534086
0.648369
0.175458
0.711064
0.687785
0.845768
0.71879
0.344805
0.119262
0.997134
0.796097
0.346978
0.977482
0.739123
0.643264
0.113115
0.951222
0.74778
0.403009
0.0415927
0.34147
0.862951
0.641305
0.579331
0.229992
0.853699
0.663273
0.326554
0.689886
0.26577
0.202248
0.847756
0.496769
0.573181
0.851243
0.22079
0.544779
0.542175
0.311062
0.05784
0.375908
0.968609
0.362482
0.575396
0.288182
0.0594262
0.308772
0.461668
0.403336
0.786158
0.365503
0.49201
0.447012
0.177648
0.863954
0.385646
0.927659
0.83973
0.435066
0.71456
0.842808
0.780014
0.59283
0.764357
0.0620464
0.765798
0.0798812
0.956864
0.806309
0.223826
0.113019
0.36557
0.593017
0.634626
0.193722
0.477573
0.649697
0.688743
0.0899297
0.979765
0.699554
0.111986
0.967826
0.702236
0.797948
0.332861
0.944322
0.434539
0.0052129
0.450547
0.00994929
0.424512
0.746213
0.0650472
0.711042
0.0230418
0.0538864
0.87922
0.452595
0.881255
0.785374
0.0977038
0.111369
0.907515
0.598786
0.100034
0.860178
0.275649
0.391639
0.404683
0.127309
0.900916
0.981105
0.658783
0.439334
0.183876
0.0141466
0.714118
0.72355
0.312837
0.509509
0.446386
0.440162
0.414481
0.699898
0.465406
0.772807
0.0856437
0.640326
0.17871
0.555115
0.312237
0.292762
0.791216
0.0560213
0.685241
0.977355
0.201465
0.19367
0.344332
0.260364
0.575461
0.273137
0.0221918
0.722513
0.65869
0.654289
0.29874
0.370789
0.54905
0.293619
0.994843
0.689125
0.520058
0.200685
0.545235
0.449619
0.0681395
0.894081
0.945882
0.212978
0.37612
0.0684299
0.906974
0.946403
0.124083
0.0299586
0.892281
0.679588
0.806172
0.814183
0.829851
0.683619
0.244312
0.684126
0.745642
0.264079
0.656834
0.452278
0.169371
0.342898
0.054633
0.925073
0.947302
0.606606
0.985617
0.0564079
0.339476
0.0758933
0.676537
0.482191
0.628123
0.028809
0.138293
0.326986
0.195372
0.45474
0.250662
0.249278
0.64918
0.598819
0.27202
0.20772
0.580219
0.283009
0.119363
0.766522
0.561547
0.177897
0.124609
0.451386
0.594763
0.694852
0.782764
0.624507
0.729779
0.650512
0.474895
0.0884751
0.454593
0.0696002
0.372189
0.18344
0.207335
0.289844
0.195745
0.123852
0.934137
0.613346
0.995808
0.480972
0.700953
0.840646
0.14156
0.597084
0.222506
0.82521
0.657905
0.310578
0.159477
0.358002
0.630635
0.627223
0.36611
0.34808
0.771918
0.475195
0.136676
0.614851
0.203047
0.664621
0.232181
0.962529
0.241858
0.196672
0.476624
0.826596
0.565871
0.938722
0.625361
0.827781
0.748613
0.801989
0.0318555
0.306418
0.123233
0.773197
0.451864
0.999029
0.270561
0.996761
0.203266
0.760489
0.294894
0.261429
0.917888
0.757994
0.733864
0.455809
0.63843
0.670111
0.733732
0.22907
0.220723
0.179578
0.0230886
0.0213799
0.294409
0.620273
0.291308
0.39377
0.672272
0.913113
0.163978
0.457348
0.875647
0.365785
0.055446
0.706057
0.00193834
0.395518
0.597752
0.564401
0.492218
0.290064
0.550428
0.949602
0.54137
0.953047
0.932279
0.22716
0.150078
0.983087
0.17717
0.263861
0.527037
0.206529
0.91699
0.427307
0.135817
0.34677
0.947944
0.0298605
0.995495
0.415257
0.643973
0.26653
0.07419
0.962205
0.817086
0.731448
0.702318
0.63726
0.903206
0.711412
0.64548
0.896353
0.946676
0.342036
0.131287
0.104016
0.460824
0.803313
0.26017
0.360619
0.750984
0.294378
0.284833
0.600839
0.867402
0.799536
0.545427
0.664269
0.520166
0.323115
0.463843
0.439054
0.644168
0.625791
0.941295
0.326586
0.221505
0.237317
0.569266
0.353996
0.960297
0.293056
0.821907
0.837636
0.100743
0.654217
0.878581
0.210019
0.960409
0.216065
0.238288
0.252403
0.580324
0.0382643
0.804995
0.308354
0.651137
0.898393
0.252202
0.673337
0.130819
0.274641
0.931708
0.443621
0.296649
0.543805
0.0856022
0.100322
0.944807
0.845963
0.721524
0.365594
0.766057
0.129594
0.405882
0.021021
0.638871
0.121204
0.798602
0.338732
0.46507
0.59147
0.400191
0.768486
0.666089
0.0583071
0.558382
0.516387
0.23576
0.686122
0.345717
0.605793
0.242876
0.482624
0.926132
0.92021
0.825407
0.993452
0.592036
0.520077
0.103533
0.270566
0.407979
0.341851
0.0401475
0.295689
0.38125
0.158926
0.85266
0.821533
0.441859
0.0779328
0.988068
0.0870802
0.214296
0.43076
0.0339799
0.289714
0.997132
0.620194
0.62571
0.92818
0.312305
0.518108
0.90374
0.559246
0.361731
0.713584
0.45827
0.413139
0.292796
0.0603676
0.838188
0.901685
0.056594
0.462374
0.308413
0.418049
0.833178
0.651001
0.275994
0.312138
0.462341
0.950606
0.725929
0.677038
0.891888
0.143748
0.0711772
0.790261
0.193633
0.472324
0.956154
0.664258
0.552665
0.77684
0.803081
0.445945
0.245783
0.0409315
0.610252
0.0912418
0.393041
0.546097
0.740241
0.479751
0.189773
0.49065
0.0338816
0.818031
0.171308
0.606275
0.312016
0.649636
0.0678091
0.313589
0.831384
0.0524824
0.860489
0.270759
0.897096
0.0504609
0.560013
0.494857
0.52376
0.885547
0.16404
0.729154
0.548112
0.373955
0.585931
0.471993
0.617132
0.749348
0.173913
0.717795
0.847026
0.00776667
0.182877
0.57227
0.617633
0.445584
0.33976
0.879256
0.678129
0.364918
0.282362
0.261976
0.695176
0.125577
0.496412
0.20278
0.195401
0.951237
0.668614
0.426767
0.899258
0.491453
0.0510276
0.587301
0.0337261
0.0330342
0.637587
0.411382
0.195839
0.719076
0.301948
0.88312
0.299886
0.952998
0.691807
0.897475
0.268138
0.141443
0.584103
0.292369
0.932537
0.627134
0.234342
0.039906
0.933623
0.683285
0.400798
0.172716
0.212964
0.550797
0.899098
0.238912
0.914689
0.317396
0.163544
0.609739
0.147177
0.135141
0.191624
0.57393
0.297642
0.880556
0.551966
0.435411
0.280946
0.111258
0.445512
0.875792
0.955654
0.40363
0.197198
0.896543
0.555076
0.272006
0.886039
0.217463
0.768483
0.803937
0.424643
0.349495
0.84383
0.313132
0.421801
0.697394
0.728118
0.629648
0.928611
0.381075
0.452968
0.337741
0.250919
0.0378795
0.131953
0.463125
0.150066
0.862783
0.555575
0.744072
0.15419
0.0251123
0.465592
0.839816
0.114822
0.301582
0.95733
0.112888
0.764931
0.508912
0.393008
0.499533
0.0506505
0.433388
0.819084
0.822405
0.243722
0.705606
0.208797
0.145594
0.530291
0.339259
0.828601
0.35778
0.707518
0.498005
0.379453
0.560951
0.230472
0.856125
0.690775
0.458261
0.382685
0.266272
0.604162
0.547501
0.382178
0.883266
0.384888
0.828437
0.64281
0.823178
0.731857
0.0844341
0.402333
0.729697
0.44175
0.535572
0.561602
0.676876
0.829735
0.776471
0.29312
0.326346
0.0302816
0.886861
0.387414
0.991105
0.231327
0.883498
0.543784
0.799066
0.320546
0.428552
0.631735
0.124197
0.962468
0.763143
0.40882
0.214365
0.152729
0.601811
0.835737
0.150884
0.85939
0.881168
0.593758
0.755949
0.194602
0.79346
0.768406
0.632403
0.483948
0.623189
0.305545
0.992949
0.692328
0.90142
0.31689
0.0975341
0.381232
0.832256
0.710862
0.780884
0.708025
0.537194
0.91131
0.048576
0.240319
0.775285
0.248375
0.967291
0.374086
0.347654
0.132237
0.0597369
0.197175
0.0749553
0.516035
0.601345
0.948361
0.369266
0.543468
0.908914
0.566765
0.324851
0.369946
0.679503
0.669891
0.548458
0.714462
0.863363
0.720831
0.410717
0.236055
0.467755
0.0370558
0.7357
0.9866
0.0101205
0.10222
0.313068
0.0773241
0.174874
0.0460461
0.572065
0.204295
0.295081
0.238044
0.357764
0.548479
0.424268
0.165721
0.397237
0.547216
0.585148
0.98362
0.848126
0.727127
0.451868
0.38061
0.255323
0.25245
0.844214
0.705287
0.619857
0.540921
0.472304
0.552985
0.128915
0.286605
0.795538
0.202207
0.460749
0.900165
0.529206
0.0782416
0.739122
0.0465449
0.0184096
0.369539
0.88904
0.343966
0.797726
0.731064
0.11888
0.949534
0.97586
0.284473
0.589964
0.464919
0.371724
0.389078
0.988762
0.173304
0.332115
0.925374
0.0810854
0.684967
0.616066
0.965234
0.88123
0.626117
0.506454
0.380538
0.566395
0.835295
0.107616
0.984859
0.308705
0.282895
0.763027
0.428108
0.895829
0.15208
0.792806
0.961604
0.55951
0.414981
0.97775
0.523549
0.190893
0.364032
0.30818
0.263516
0.664941
0.906764
0.0472976
0.515135
0.434534
0.98828
0.574932
0.496034
0.73378
0.958471
0.397134
0.269144
0.134541
0.609899
0.722969
0.222878
0.840091
0.693648
0.165611
0.232826
0.558927
0.690015
0.103097
0.441603
0.0886523
0.35133
0.338885
0.401056
0.598364
0.484672
0.530257
0.253496
0.895804
0.944819
0.877451
0.898142
0.160128
0.433839
0.404278
0.109343
0.93103
0.401976
0.944176
0.401638
0.901556
0.343385
0.761224
0.394459
0.122026
0.396458
0.778511
0.363979
0.344084
0.0709061
0.868601
0.240633
0.978425
0.224433
0.683963
0.336835
0.395641
0.319297
0.437008
0.864
0.974191
0.451063
0.922867
0.516165
0.005792
0.621887
0.275223
0.417527
0.262629
0.573518
0.481355
0.768548
0.202158
0.265979
0.457568
0.751799
0.355298
0.663814
0.193624
0.285164
0.117379
0.481087
0.0576157
0.481366
0.709535
0.222143
0.773178
0.591887
0.95423
0.845382
0.340969
0.777488
0.127592
0.795705
0.84925
0.740823
0.4293
0.420995
0.234659
0.29054
0.0126703
0.915933
0.165605
0.524862
0.557341
0.128026
0.87219
0.279442
0.410427
0.982073
0.939203
0.108174
0.334048
0.60273
0.878349
0.393668
0.00127709
0.531956
0.267402
0.583678
0.265433
0.944046
0.519295
0.782918
0.150859
0.420119
0.618069
0.0597595
0.00910343
0.599346
0.949918
0.566324
0.707613
0.589323
0.402404
0.301589
0.106708
0.875225
0.0199633
0.247436
0.30771
0.0688288
0.871674
0.721218
0.791924
0.477263
0.943701
0.887414
0.911779
0.801198
0.273441
0.716289
0.332593
0.610404
0.877294
0.249704
0.874473
0.295732
0.483018
0.843621
0.0232419
0.684874
0.747625
0.979793
0.034467
0.536875
0.707924
0.878664
0.492543
0.196783
0.135783
0.878519
0.0758369
0.651175
0.3783
0.617688
0.763571
0.750599
0.233194
0.751672
0.278251
0.303883
0.236795
0.167899
0.235151
0.880742
0.290228
0.115342
0.739637
0.401369
0.0803737
0.597344
0.784251
0.20586
0.269905
0.0989599
0.932751
0.0891769
0.89145
0.0247564
0.939307
0.983253
0.625327
0.299204
0.0453245
0.535352
0.411243
0.980135
0.88332
0.505195
0.0755433
0.829548
0.314143
0.842361
0.731567
0.290633
0.663064
0.230493
0.868983
0.162591
0.48662
0.52269
0.419786
0.118551
0.0493341
0.234979
0.472143
0.426671
0.0591013
0.997943
0.306834
0.604703
0.0470266
0.3199
0.327406
0.685867
0.696109
0.317475
0.644773
0.796952
0.699358
0.598855
0.810069
0.892079
0.158306
0.60726
0.395073
0.503697
0.862389
0.56693
0.269237
0.209881
0.123469
0.429979
0.139188
0.261664
0.981341
0.0338236
0.342215
0.380938
0.883046
0.771659
0.637843
0.898337
0.178455
0.436887
0.611023
0.584135
0.0157364
0.689353
0.180096
0.28146
0.777765
0.677474
0.97605
0.691701
0.63262
0.751371
0.900917
0.476697
0.899213
0.0389883
0.501673
0.354524
0.856016
0.155506
0.762185
0.741103
0.0224559
0.197353
0.0981027
0.280909
0.725824
0.158204
0.333663
0.71099
0.996801
0.415713
0.703045
0.533983
0.240687
0.369666
0.129852
0.988508
0.0756417
0.0609073
0.953022
0.0990808
0.688779
0.738225
0.804973
0.0494245
0.577358
0.264102
0.807413
0.485787
0.90003
0.404811
0.976338
0.522718
0.341918
0.108979
0.204199
0.413675
0.599322
0.686372
0.423704
0.613708
0.543972
0.580003
0.545604
0.381009
0.0945114
0.104008
0.75707
0.43876
0.941802
0.358797
0.399875
0.642805
0.718533
0.240108
0.826704
0.50094
0.439475
0.824964
0.321986
0.73004
0.28666
0.308676
0.685443
0.892924
0.24871
0.316472
0.951429
0.188391
0.329017
0.0857526
0.167286
0.174132
0.403332
0.0855662
0.183542
0.946325
0.221646
0.990555
0.745827
0.21058
0.942081
0.143814
0.563455
0.325155
0.586154
0.960827
0.158146
0.868366
0.902263
0.0470437
0.64342
0.15725
0.220502
0.265736
0.0921696
0.193285
0.134193
0.81304
0.971092
0.979271
0.404008
0.777583
0.776371
0.768009
0.518185
0.710632
0.772173
0.257873
0.493447
0.852045
0.454808
0.417642
0.0468079
0.248659
0.706491
0.0101918
0.953391
0.183015
0.564337
0.682094
0.595069
0.00835628
0.556134
0.90916
0.740625
0.752093
0.628362
0.807737
0.690241
0.856527
0.255249
0.652451
0.485929
0.535565
0.072234
0.780758
0.404574
0.887634
0.913132
0.891838
0.10794
0.47731
0.770807
0.935737
0.726432
0.546412
0.42017
0.613557
0.204436
0.392724
0.725826
0.554558
0.308985
0.797442
0.0585887
0.242004
0.193503
0.273058
0.861337
0.560983
0.420505
0.935324
0.0660311
0.926496
0.689994
0.409671
0.403724
0.515092
0.198592
0.212726
0.516382
0.896521
0.662106
0.385962
0.949036
0.0497797
0.592021
0.633765
0.777555
0.52269
0.478741
0.33863
0.214947
0.576305
0.16368
0.844692
0.807698
0.312845
0.187386
0.52555
0.533229
0.15412
0.812427
0.889953
0.101748
0.982504
0.0304939
0.606322
0.770069
0.776802
0.459319
0.584986
0.685125
0.141014
0.961925
0.774046
0.586854
0.0369794
0.870191
0.985791
0.232739
0.225363
0.867071
0.24826
0.531725
0.532221
0.383814
0.0219436
0.739909
0.158883
0.609107
0.584377
0.813123
0.469964
0.736099
0.104978
0.0816666
0.304161
0.0587527
0.671584
0.0956912
0.0920728
0.350733
0.547475
0.517063
0.406364
0.598026
0.546778
0.649359
0.36888
0.394866
0.370322
0.0721818
0.443347
0.273999
0.366426
0.753241
0.0187614
0.497354
0.0743649
0.491487
0.11145
0.626726
0.0529498
0.351777
0.0531703
0.840494
0.677051
0.428852
0.990367
0.369382
0.347944
0.0961627
0.600917
0.251452
0.656567
0.890074
0.253113
0.183601
0.628732
0.388078
0.499599
0.666024
0.784505
0.196924
0.840845
0.843203
0.138531
0.357411
0.727474
0.0410169
0.825728
0.355883
0.352772
0.611458
0.153594
0.813191
0.516632
0.898093
0.711605
0.201268
0.68406
0.11377
0.954419
0.937033
0.167601
0.890993
0.690091
0.721994
0.47371
0.643204
0.241147
0.139141
0.440469
0.722439
0.821327
0.746087
0.317595
0.707572
0.8215
0.998557
0.840739
0.885973
0.623691
0.655585
0.760978
0.791122
0.777903
0.805889
0.810542
0.204661
0.386099
0.498212
0.660565
0.712658
0.943225
0.416479
0.189721
0.875948
0.555339
0.92901
0.677176
0.330242
0.247934
0.0147661
0.596748
0.977682
0.975726
0.0786461
0.634278
0.0481355
0.696721
0.0789536
0.507795
0.641445
0.368213
0.781582
0.281761
0.92493
0.00129659
0.912066
0.0227786
0.553503
0.561435
0.960918
0.641131
0.833589
0.132727
0.945551
0.578361
0.499601
0.624022
0.251353
0.51206
0.104731
0.202693
0.968503
0.137616
0.548753
0.159606
0.924379
0.012099
0.635324
0.525398
0.442197
0.349522
0.529954
0.296199
0.864748
0.53809
0.0367738
0.136222
0.292296
0.40009
0.197014
0.909109
0.68278
0.487691
0.491485
0.299431
0.892445
0.195278
0.184404
0.716264
0.183697
0.674824
0.594351
0.0441597
0.759825
0.357272
0.775229
0.461417
0.908712
0.533171
0.640621
0.398542
0.662905
0.660257
0.0384797
0.684877
0.839023
0.864744
0.950397
0.21723
0.338747
0.33543
0.29311
0.309596
0.807004
0.929221
0.627328
0.645192
0.636904
0.900647
0.977868
0.830317
0.910261
0.646547
0.20528
0.110351
0.0659083
0.608327
0.542863
0.0239101
0.927279
0.827335
0.851375
0.301075
0.97715
0.724144
0.00322168
0.308282
0.555588
0.737853
0.861305
0.402499
0.0139685
0.0729385
0.201868
0.766529
0.460483
0.093726
0.841834
0.130541
0.469326
0.545639
0.143602
0.431617
0.225365
0.0521829
0.331388
0.335611
0.826215
0.849184
0.0277756
0.685614
0.26171
0.214153
0.445915
0.0211551
0.827957
0.386289
0.72757
0.665255
0.0666741
0.488019
0.374076
0.339132
0.909396
0.920342
0.924239
0.0434227
0.20246
0.836466
0.167171
0.923626
0.988681
0.0180261
0.952453
0.726507
0.0733163
0.665422
0.321606
0.553522
0.939341
0.421108
0.987686
0.302094
0.729763
0.50918
0.809215
0.21455
0.361877
0.516152
0.417972
0.783325
0.469441
0.779048
0.317568
0.96658
0.114732
0.964586
0.406302
0.643371
0.744952
0.576989
0.51838
0.316576
0.632926
0.384137
0.188869
0.829321
0.279692
0.982836
0.669584
0.521492
0.427696
0.873216
0.309645
0.905824
0.610375
0.0129999
0.666728
0.424716
0.62403
0.0226993
0.625369
0.837779
0.2234
0.322326
0.740076
0.936769
0.745797
0.670806
0.762774
0.220454
0.820967
0.783633
0.972442
0.817503
0.74196
0.872475
0.740589
0.680868
0.89751
0.487593
0.32496
0.16707
0.875687
0.687425
0.785384
0.525065
0.0907214
0.505544
0.626048
0.820428
0.689215
0.66483
0.352509
0.0253461
0.0405823
0.950835
0.585461
0.97094
0.797318
0.792072
0.885562
0.882499
0.579438
0.177816
0.657547
0.209948
0.89839
0.731111
0.260783
0.159557
0.612444
0.525393
0.0276266
0.173497
0.541965
0.519696
0.312308
0.253152
0.451219
0.64652
0.513214
0.404161
0.138601
0.271343
0.504231
0.987686
0.878937
0.213267
0.731654
0.800654
0.45834
0.654659
0.990076
0.641879
0.352731
0.0394024
0.993514
0.513366
0.549151
0.479662
0.679645
0.283678
0.713878
0.525332
0.898068
0.945399
0.995254
0.255586
0.843876
0.59415
0.614273
0.773417
0.0591797
0.260317
0.430568
0.264206
0.722292
0.674812
0.431117
0.631367
0.370169
0.0624709
0.0964306
0.365182
0.108122
0.988756
0.532509
0.0710724
0.589376
0.0858208
0.736256
0.0128397
0.00523732
0.635895
0.634789
0.0673379
0.200215
0.141541
0.930721
0.998931
0.161836
0.356068
0.487972
0.498473
0.260878
0.301804
0.472738
0.0872663
0.951723
0.132883
0.256729
0.200159
0.797419
0.476809
0.372065
0.750284
0.449681
0.275201
0.809226
0.293122
0.461683
0.0772465
0.0734539
0.765227
0.503397
0.408453
0.577492
0.992002
0.787983
0.0321723
0.332283
0.139416
0.501567
0.17392
0.28074
0.575412
0.286701
0.107753
0.212142
0.592613
0.41157
0.722736
0.980597
0.0744875
0.639747
0.657356
0.96243
0.159412
0.501655
0.168368
0.346038
0.914502
0.419625
0.863754
0.977863
0.367345
0.663527
0.355629
0.205204
0.165267
0.0470868
0.154984
0.824754
0.925536
0.63129
0.115536
0.502933
0.312251
0.603975
0.652832
0.249597
0.259603
0.144451
0.487064
0.0996948
0.104947
0.0921527
0.995764
0.113117
0.708744
0.812189
0.31745
0.968378
0.255771
0.90194
0.180677
0.21287
0.452526
0.10648
0.481662
0.123421
0.525809
0.357436
0.431472
0.597634
0.144864
0.842488
0.645665
0.179706
0.649343
0.379859
0.798093
0.105472
0.101586
0.709366
0.379094
0.830857
0.707878
0.594747
0.495844
0.215341
0.936033
0.992807
0.122155
0.917608
0.726721
0.755987
0.224822
0.814393
0.914963
0.412662
0.125597
0.382708
0.282152
0.350668
0.56849
0.984329
0.158791
0.436536
0.343199
0.971873
0.115208
0.665158
0.449303
0.499343
0.395276
0.458993
0.876059
0.870922
0.628606
0.672661
0.063193
0.0836628
0.0881877
0.662415
0.524272
0.1865
0.638447
0.187494
0.708524
0.728848
0.224746
0.578661
0.077756
0.91373
0.744841
0.23679
0.0263232
0.193097
0.893501
0.893304
0.394971
0.25654
0.671082
0.757312
0.075253
0.625108
0.810163
0.459685
0.521907
0.764889
0.486533
0.281138
0.66012
0.415989
0.739641
0.0997421
0.0528789
0.314414
0.776804
0.441297
0.603459
0.575136
0.176973
0.202877
0.126947
0.968713
0.204405
0.538011
0.250005
0.126721
0.106429
0.76956
0.378123
0.0410803
0.498371
0.53066
0.214962
0.234137
0.467318
0.735975
0.906551
0.351402
0.609399
0.627664
0.868867
0.479295
0.998282
0.177863
0.393636
0.0873726
0.808705
0.736431
0.643741
0.0197784
0.0935456
0.467392
0.718878
0.497618
0.861696
0.776296
0.0240974
0.846942
0.206655
0.141564
0.350997
0.508736
0.24045
0.186445
0.395466
0.141977
0.531292
0.113253
0.62755
0.794175
0.511835
0.824771
0.622977
0.923714
0.258575
0.726842
0.0642685
0.0801407
0.0896214
0.0391743
0.98515
0.59949
0.651444
0.702781
0.570177
0.0964991
0.627848
0.0452241
0.930324
0.877902
0.695762
0.853689
0.43834
0.307688
0.908109
0.270646
0.46601
0.0989381
0.0924293
0.564094
0.689274
0.109917
0.188444
0.704781
0.989113
0.704043
0.851408
0.151789
0.677014
0.560243
0.929075
0.524341
0.312014
0.745303
0.915879
0.90374
0.349349
0.682451
0.744167
0.836084
0.6984
0.673578
0.576089
0.616699
0.93774
0.444228
0.825182
0.0969626
0.00232908
0.439849
0.762907
0.509185
0.0456498
0.668675
0.57591
0.430141
0.379853
0.486219
0.517188
0.245874
0.0133704
0.834583
0.0690071
0.710878
0.455441
0.279125
0.950355
0.161313
0.171825
0.591775
0.323066
0.985571
0.745075
0.70709
0.572468
0.309066
0.85433
0.808214
0.263315
0.809621
0.213074
0.863685
0.05703
0.685186
0.256192
0.238827
0.639488
0.343519
0.513534
0.160667
0.524692
0.119275
0.263426
0.808113
0.920264
0.463307
0.885991
0.191442
0.269529
0.0762329
0.167235
0.698777
0.237561
0.927666
0.738765
0.336914
0.163547
0.932426
0.0160201
0.747678
0.999216
0.917279
0.464333
0.403823
0.42621
0.114731
0.414371
0.17386
0.298946
0.77316
0.980294
0.244393
0.539778
0.651199
0.298034
0.962826
0.744961
0.629446
0.673349
0.945582
0.363956
0.710723
0.951108
0.39632
0.348362
0.975786
0.698764
0.574831
0.552134
0.27866
0.401302
0.464586
0.0577367
0.302629
0.569615
0.0794349
0.66739
0.675171
0.132078
0.271831
0.674285
0.561586
0.607306
0.977707
0.144847
0.943971
0.170363
0.192723
0.0680534
0.395223
0.823388
0.598647
0.894769
0.954243
0.652047
0.393388
0.629919
0.471135
0.0899027
0.143043
0.396426
0.855325
0.748946
0.129946
0.565508
0.696215
0.0398313
0.377149
0.656628
0.996665
0.736826
0.782595
0.851421
0.0188687
0.244718
0.507386
0.802601
0.937435
0.0640882
0.369815
0.985541
0.734911
0.417279
0.639578
0.892704
0.282433
0.70502
0.564992
0.0756026
0.834233
0.539468
0.704206
0.63076
0.397018
0.196635
0.157261
0.303385
0.359406
0.035898
0.220606
0.450658
0.421127
0.384376
0.855659
0.818728
0.489069
0.440837
0.302939
0.6085
0.758695
0.88479
0.936515
0.501673
0.633352
0.595991
0.105152
0.930619
0.342482
0.859785
0.876199
0.574056
0.819911
0.337757
0.478094
0.678608
0.88239
0.584709
0.067662
0.0454065
0.0760719
0.676189
0.32479
0.192531
0.356219
0.124237
0.41562
0.895728
0.225749
0.925664
0.0716583
0.0864523
0.0589625
0.397556
0.94301
0.0744835
0.62688
0.404669
0.668638
0.921315
0.401881
0.666982
0.847589
0.718656
0.389632
0.0380035
0.434042
0.133652
0.862696
0.284698
0.544893
0.399511
0.942265
0.0338959
0.300834
0.30238
0.893818
0.0802635
0.818756
0.989255
0.0345322
0.878078
0.200927
0.96496
0.888148
0.731229
0.743606
0.483172
0.542066
0.747721
